{
  "atom_chain_ids": ["A","A","A","A","A","A","A","A","A","A","A","A","A","A","A","A","A","A","A","A","A","A","A","A","A","A","A","A","A","A","A","A","A","A","A","A","A","A","A","A","A","A","A","A","A","A","A","A","A","A","A","A","A","A","A","A","A","A","A","A","A","A","A","A","A","A","A","A","A","A","A","A","A","A","A","A","A","A","A","A","A","A","A","A","A","A","A","A","A","A","A","A","A","A","A","A","A","A","A","A","A","A","A","A","A","A","A","A","A","A","A","A","A","A","A","A","A","A","A","A","A","A","A","A","A","A","A","A","A","A","A","A","A","A","A","A","A","A","A","A","A","A","A","A","A","A","A","A","A","A","A","A","A","A","A","A","A","A","A","A","A","A","A","A","A","A","A","A","A","A","A","A","A","A","A","A","A","A","A","A","A","A","A","A","A","A","A","A","A","A","A","A","A","A","A","A","A","A","A","A","A","A","A","A","A","A","A","A","A","A","A","A","A","A","A","A","A","A","A","A","A","A","A","A","A","A","A","A","A","A","A","A","A","A","A","A","A","A","A","A","A","A","A","A","A","A","A","A","A","A","A","A","A","A","A","A","A","A","A","A","A","A","A","A","A","A","A","A","A","A","A","A","A","A","A","A","A","A","A","A","A","A","A","A","A","A","A","A","A","A","A","A","A","A","A","A","A","A","A","A","A","A","A","A","A","A","A","A","A","A","A","A","A","A","A","A","A","A","A","A","A","A","A","A","A","A","A","A","A","A","A","A","A","A","A","A","A","A","A","A","A","A","A","A","A","A","A","A","A","A","A","A","A","A","A","A","A","A","A","A","A","A","A","A","A","A","A","A","A","A","A","A","A","A","A","A","A","A","A","A","A","A","A","A","A","A","A","A","A","A","A","A","A","A","A","A","A","A","A","A","A","A","A","A","A","A","A","A","A","A","A","A","A","A","A","A","A","A","A","A","A","A","A","A","A","A","A","A","A","A","A","A","A","A","A","A","A","A","A","A","A","A","A","A","A","A","A","A","A","A","A","A","A","A","A","A","A","A","A","A","A","A","A","A","A","A","A","A","A","A","A","A","A","A","A","A","A","A","A","A","A","A","A","A","A","A","A","A","A","A","A","A","A","A","A","A","A","A","A","A","A","A","A","A","A","A","A","A","A","A","A","A","A","A","A","A","A","A","A","A","A","A","A","A","A","A","A","A","A","A","A","A","A","A","A","A","A","A","A","A","A","A","A","A","A","A","A","A","A","A","A","A","A","A","A","A","A","A","A","A","A","A","A","A","A","A","A","A","A","A","A","A","A","A","A","A","A","A","A","A","A","A","A","A","A","A","A","A","A","A","A","A","A","A","A","A","A","A","A","A","A","A","A","A","A","A","A","A","A","A","A","A","A","A","A","A","A","A","A","A","A","A","A","A","A","A","A","A","A","A","A","A","A","A","A","A","A","A","A","A","A","A","A","A","A","A","A","A","A","A","A","A","A","A","A","A","A","A","A","A","A","A","A","A","A","A","A","A","A","A","A","A","A","A","A","A","A","A","A","A","A","A","A","A","A","A","A","A","A","A","A","A","A","A","A","A","A","A","A","A","A","A","A","A","A","A","A","A","A","A","A","A","A","A","A","A","A","A","A","A","A","A","A","A","A","A","A","A","A","A","A","A","A","A","A","A","A","A","A","A","A","A","A","A","A","A","A","A","A","A","A","A","A","A","A","A","A","A","A","A","A","A","A","A","A","A","A","A","A","A","A","A","A","A","A","A","A","A","A","A","A","A","A","A","A","A","A","A","A","A","A","A","A","A","A","A","A","A","A","A","A","A","A","A","A","A","A","A","A","A","A","A","A","A","A","A","A","A","A","A","B","B","B","B","B","B","B","B","B","B","B","B","B","B","B","B","B","B","B","B","B","B","B","B","B","B"],
  "atom_plddts": [57.37,59.81,54.67,57.95,60.8,62.33,65.94,66.45,67.09,66.04,65.75,64.42,66.18,66.32,66.01,66.01,66.28,65.63,64.69,65.18,65.33,65.09,66.67,68.45,67.21,64.03,65.85,67.64,67.91,69.34,70.18,70.24,69.16,70.29,69.08,70.37,71.51,72.31,72.28,72.87,72.47,71.91,72.47,72.04,71.69,72.14,72.23,71.27,69.49,71.13,70.79,71.0,72.34,73.13,72.84,71.85,73.42,72.08,73.29,74.58,74.89,74.89,75.81,75.47,75.02,74.99,74.5,74.89,75.38,76.66,74.06,75.73,76.76,77.4,78.96,79.88,79.94,79.4,80.2,78.72,79.97,81.01,80.39,79.75,80.76,80.94,80.35,80.64,80.76,79.82,77.81,79.34,80.0,79.88,81.88,82.14,82.15,81.57,82.32,81.16,82.33,83.11,82.64,81.99,82.92,83.03,82.5,82.73,82.76,81.83,80.44,81.61,81.63,81.36,83.17,83.44,83.35,82.76,83.3,82.12,83.43,84.07,83.67,83.01,83.84,83.86,83.37,83.62,83.65,81.6,80.12,80.77,81.37,81.27,82.79,82.79,82.78,82.09,82.69,81.39,83.17,83.82,83.08,82.3,83.32,83.45,82.8,83.05,83.09,80.74,77.62,78.16,80.39,81.85,83.72,84.09,84.44,83.64,83.74,82.57,84.61,85.15,84.0,83.82,84.65,84.31,83.47,84.08,84.04,83.98,84.93,85.16,79.66,77.92,78.5,78.04,76.83,78.42,78.42,79.6,78.08,77.64,74.27,77.63,77.37,74.66,73.14,75.1,74.06,72.65,72.48,72.74,72.3,75.7,80.28,76.97,77.87,80.94,81.41,83.46,83.81,83.8,83.32,83.98,83.01,84.3,84.96,84.57,84.11,84.99,85.08,84.48,84.85,84.99,84.59,83.15,83.96,84.67,84.8,85.63,85.92,85.79,85.35,85.84,84.74,86.05,86.64,86.27,85.68,86.4,86.44,85.88,86.18,86.38,85.87,84.96,85.61,85.37,85.07,86.38,86.72,86.84,86.16,86.52,85.23,86.54,86.97,86.64,86.41,86.85,86.47,86.02,86.49,86.29,85.64,86.53,86.83,83.17,83.36,84.0,81.93,80.98,82.05,82.26,82.11,81.11,81.54,79.84,81.67,82.28,82.52,82.2,82.58,82.2,81.8,82.28,81.89,80.65,81.58,82.06,82.31,82.06,82.54,81.64,80.23,81.79,81.75,81.78,81.17,81.56,79.94,81.78,82.58,82.16,81.18,81.87,81.74,80.99,81.7,81.95,83.14,81.91,81.83,82.1,81.24,82.65,82.83,83.05,82.31,82.51,80.67,82.77,83.29,82.7,82.11,82.78,82.18,81.03,82.19,82.13,80.92,82.61,83.24,84.06,82.61,82.53,82.22,79.89,82.36,82.38,84.22,82.94,82.38,79.86,81.65,81.35,78.66,77.5,78.22,76.5,74.96,75.69,76.09,76.35,79.43,79.33,76.81,77.21,78.3,77.02,78.59,78.41,79.4,77.97,77.71,75.29,77.68,78.07,76.52,75.48,76.5,75.84,74.41,75.47,75.41,73.18,75.95,77.76,76.66,74.47,75.56,75.92,74.14,75.17,74.86,76.32,74.46,73.94,72.02,74.59,75.07,73.05,72.08,73.79,72.76,71.32,71.36,71.15,70.98,74.19,77.57,74.36,75.24,77.67,78.43,80.57,81.1,81.17,80.38,81.19,79.55,81.56,82.56,82.18,82.02,83.0,82.72,81.9,82.45,82.15,81.97,82.76,82.92,82.61,79.9,80.97,83.03,82.85,85.24,85.69,85.43,85.15,85.77,84.66,85.94,86.55,86.21,85.67,86.48,86.46,85.8,86.3,86.55,86.68,85.9,86.52,86.11,85.28,86.62,86.74,86.46,85.98,86.35,85.1,86.63,87.12,87.05,86.31,87.05,87.11,86.62,87.0,87.01,86.53,85.53,86.26,85.75,85.39,86.44,86.74,86.86,86.17,86.77,85.61,87.01,87.49,87.33,87.06,87.63,87.45,86.96,87.24,87.0,87.02,87.52,84.8,82.72,83.04,84.1,84.45,85.9,86.02,86.17,85.42,85.86,84.73,86.54,87.01,86.84,86.61,87.38,87.35,86.77,87.21,86.92,86.61,87.29,87.43,83.74,81.56,81.63,82.13,82.25,84.19,84.23,85.0,83.73,83.18,80.12,83.82,83.83,81.44,79.77,81.54,81.1,79.3,80.32,80.54,78.44,82.03,83.32,78.59,75.41,75.74,77.55,76.55,78.41,78.5,79.85,78.18,77.69,74.02,77.88,77.54,73.65,70.13,72.9,72.56,70.0,71.45,73.1,80.25,77.08,76.93,79.44,79.67,81.93,82.52,83.03,82.18,82.78,81.02,82.76,83.16,81.46,80.88,82.22,81.64,80.41,80.77,80.72,81.23,82.89,81.13,78.6,78.96,80.06,80.28,82.15,82.75,83.04,82.17,82.83,81.02,83.12,83.73,82.67,82.08,83.21,82.91,81.76,82.23,82.07,82.08,83.52,81.77,78.2,78.83,81.94,82.23,84.31,84.84,84.83,84.23,84.75,83.44,85.25,85.74,85.13,84.41,85.35,85.37,84.56,85.13,85.37,81.77,78.98,79.18,80.9,81.84,83.88,84.27,84.55,83.73,83.99,82.63,84.73,85.28,84.66,84.4,85.16,84.86,84.05,84.63,84.49,84.24,85.28,85.53,79.39,77.78,78.92,77.34,76.96,79.09,79.4,80.34,78.91,79.0,75.83,79.22,79.7,77.44,76.1,77.69,77.07,75.51,75.86,75.86,75.39,78.15,76.32,73.45,74.27,75.34,76.02,77.4,78.31,78.93,77.47,78.3,75.75,78.27,79.08,77.19,76.44,78.02,77.69,76.31,76.65,76.53,76.56,78.61,74.89,71.55,72.61,74.69,73.34,75.27,75.26,77.45,75.86,74.14,71.26,74.46,73.76,69.56,66.53,67.83,67.03,65.02,66.98,69.31,75.76,71.86,72.97,76.14,77.9,79.94,81.24,80.95,80.42,81.03,79.84,81.25,82.17,81.7,81.7,82.4,82.15,81.56,81.96,81.73,81.76,82.3,82.35,77.07,75.28,76.25,76.61,77.0,78.45,79.54,79.2,78.39,79.39,77.96,79.42,80.35,80.19,80.04,80.62,80.3,79.79,80.16,79.85,79.56,80.2,80.41,75.97,75.48,76.39,74.66,74.32,75.27,75.82,75.68,74.51,76.07,74.19,75.77,76.79,76.85,76.52,77.13,76.6,76.07,76.33,75.98,76.09,76.88,75.04,73.67,74.42,74.25,74.27,75.39,76.64,76.46,76.01,76.81,74.51,76.2,77.26,76.66,75.62,76.35,76.31,75.6,76.34,76.71,74.47,73.69,74.12,73.66,72.3,73.21,73.56,73.25,72.93,72.7,71.18,72.71,73.61,74.01,72.7,73.37,73.33,72.56,73.49,73.89,74.87,74.91,74.69,73.69,72.02,73.24,72.69,72.84,72.16,71.34,69.94,71.5,71.96,71.75,70.07,70.58,70.24,69.34,70.71,71.62,82.0,80.36,81.91,87.86,89.24,88.98,87.59,86.21,86.65,84.35,76.92,75.56,87.81,88.76,88.98,88.26,86.33,84.55,81.05,74.15,73.61,85.89,87.49,88.87,82.98,80.15],
  "contact_probs": [[1.0,0.99,0.14,0.0,0.0,0.0,0.0,0.0,0.0,0.0,0.0,0.0,0.0,0.0,0.0,0.0,0.0,0.0,0.0,0.0,0.0,0.0,0.0,0.0,0.0,0.0,0.0,0.0,0.0,0.0,0.0,0.0,0.0,0.0,0.0,0.0,0.06,0.98,0.0,0.0,0.0,0.0,0.0,0.0,0.0,0.0,0.0,0.0,0.0,0.0,0.0,0.0,0.0,0.0,0.0,0.0,0.0,0.0,0.0,0.0,0.0,0.0,0.0,0.0],[0.99,1.0,1.0,0.06,0.0,0.0,0.0,0.0,0.0,0.0,0.0,0.0,0.0,0.0,0.0,0.0,0.0,0.0,0.0,0.0,0.0,0.0,0.0,0.0,0.0,0.0,0.0,0.0,0.0,0.0,0.0,0.0,0.0,0.0,0.0,0.03,0.99,0.96,0.0,0.0,0.0,0.0,0.0,0.0,0.0,0.0,0.0,0.0,0.0,0.0,0.0,0.0,0.0,0.0,0.0,0.0,0.0,0.0,0.0,0.0,0.0,0.0,0.0,0.0],[0.14,1.0,1.0,1.0,0.03,0.0,0.0,0.0,0.0,0.0,0.0,0.0,0.0,0.0,0.0,0.0,0.0,0.0,0.0,0.0,0.0,0.0,0.0,0.0,0.0,0.0,0.0,0.0,0.0,0.0,0.0,0.0,0.0,0.0,0.02,0.99,0.99,0.74,0.0,0.0,0.0,0.0,0.0,0.0,0.0,0.0,0.0,0.0,0.0,0.0,0.0,0.0,0.0,0.0,0.0,0.0,0.0,0.0,0.0,0.0,0.0,0.0,0.0,0.0],[0.0,0.06,1.0,1.0,1.0,0.02,0.0,0.0,0.0,0.0,0.0,0.0,0.0,0.0,0.0,0.0,0.0,0.0,0.0,0.0,0.0,0.0,0.0,0.0,0.0,0.0,0.0,0.0,0.0,0.0,0.0,0.0,0.0,0.02,0.99,1.0,0.85,0.0,0.0,0.0,0.0,0.0,0.0,0.0,0.0,0.0,0.0,0.0,0.0,0.0,0.0,0.0,0.0,0.0,0.0,0.0,0.0,0.0,0.0,0.0,0.0,0.0,0.0,0.0],[0.0,0.0,0.03,1.0,1.0,1.0,0.43,0.0,0.0,0.0,0.0,0.0,0.0,0.0,0.0,0.0,0.0,0.0,0.0,0.0,0.0,0.0,0.0,0.01,0.0,0.0,0.0,0.0,0.02,0.0,0.0,0.0,0.02,0.99,0.99,0.91,0.0,0.0,0.0,0.01,0.0,0.0,0.0,0.0,0.0,0.01,0.01,0.02,0.05,0.06,0.01,0.0,0.01,0.01,0.01,0.01,0.02,0.02,0.02,0.01,0.0,0.0,0.0,0.01],[0.0,0.0,0.0,0.02,1.0,1.0,0.99,0.0,0.0,0.0,0.0,0.0,0.0,0.0,0.0,0.0,0.0,0.0,0.0,0.0,0.0,0.0,0.0,0.01,0.0,0.0,0.0,0.0,0.09,0.01,0.02,0.0,0.99,0.99,0.88,0.0,0.0,0.0,0.02,0.02,0.03,0.02,0.02,0.07,0.16,0.38,0.48,0.56,0.49,0.48,0.32,0.12,0.08,0.06,0.07,0.06,0.07,0.07,0.07,0.04,0.03,0.04,0.02,0.02],[0.0,0.0,0.0,0.0,0.43,0.99,1.0,0.79,0.06,0.0,0.0,0.0,0.0,0.0,0.0,0.0,0.0,0.0,0.0,0.0,0.0,0.0,0.0,0.03,0.0,0.0,0.0,0.01,0.99,0.49,0.63,0.01,0.97,0.72,0.0,0.0,0.0,0.0,0.5,0.54,0.69,0.86,0.94,0.94,0.91,0.9,0.9,0.86,0.87,0.81,0.91,0.94,0.92,0.89,0.51,0.39,0.28,0.26,0.26,0.33,0.59,0.91,0.74,0.53],[0.0,0.0,0.0,0.0,0.0,0.0,0.79,1.0,0.6,0.99,0.45,0.0,0.0,0.0,0.0,0.0,0.0,0.0,0.0,0.0,0.0,0.01,0.79,0.21,0.01,0.0,0.01,0.99,0.25,0.15,0.01,0.0,0.0,0.0,0.0,0.0,0.0,0.0,0.83,0.88,0.95,0.97,0.98,0.98,0.97,0.96,0.97,0.93,0.92,0.89,0.97,0.98,0.97,0.97,0.86,0.65,0.29,0.24,0.24,0.72,0.94,0.98,0.96,0.87],[0.0,0.0,0.0,0.0,0.0,0.0,0.06,0.6,1.0,0.21,0.0,0.0,0.0,0.0,0.0,0.0,0.0,0.0,0.0,0.0,0.0,0.0,0.01,0.01,0.0,0.0,0.01,0.1,0.12,0.91,0.35,0.0,0.0,0.0,0.0,0.0,0.0,0.0,0.78,0.73,0.63,0.56,0.31,0.23,0.38,0.26,0.07,0.05,0.03,0.05,0.05,0.08,0.05,0.08,0.05,0.07,0.05,0.06,0.06,0.11,0.17,0.16,0.61,0.71],[0.0,0.0,0.0,0.0,0.0,0.0,0.0,0.99,0.21,1.0,1.0,0.05,0.0,0.0,0.0,0.0,0.0,0.0,0.0,0.0,0.0,0.09,0.99,0.11,0.04,0.02,0.49,0.97,0.01,0.02,0.0,0.0,0.0,0.0,0.0,0.0,0.0,0.0,0.48,0.58,0.76,0.89,0.92,0.92,0.88,0.76,0.61,0.25,0.15,0.17,0.56,0.81,0.63,0.61,0.24,0.16,0.06,0.05,0.06,0.22,0.55,0.8,0.74,0.55],[0.0,0.0,0.0,0.0,0.0,0.0,0.0,0.45,0.0,1.0,1.0,1.0,0.23,0.0,0.0,0.0,0.0,0.0,0.0,0.0,0.07,0.99,0.99,0.05,0.07,0.88,0.93,0.79,0.0,0.0,0.0,0.0,0.0,0.0,0.0,0.0,0.0,0.0,0.01,0.02,0.01,0.0,0.0,0.0,0.0,0.0,0.0,0.0,0.01,0.01,0.0,0.0,0.0,0.0,0.0,0.0,0.0,0.0,0.0,0.0,0.0,0.0,0.01,0.02],[0.0,0.0,0.0,0.0,0.0,0.0,0.0,0.0,0.0,0.05,1.0,1.0,1.0,0.13,0.0,0.0,0.0,0.0,0.0,0.06,1.0,1.0,0.7,0.0,0.01,0.77,0.17,0.0,0.0,0.0,0.0,0.0,0.0,0.0,0.0,0.0,0.0,0.0,0.0,0.0,0.0,0.0,0.0,0.0,0.0,0.0,0.0,0.0,0.0,0.0,0.0,0.0,0.0,0.0,0.0,0.0,0.0,0.0,0.0,0.0,0.0,0.0,0.0,0.0],[0.0,0.0,0.0,0.0,0.0,0.0,0.0,0.0,0.0,0.0,0.23,1.0,1.0,1.0,0.35,0.0,0.0,0.0,0.05,0.99,1.0,0.87,0.0,0.0,0.0,0.01,0.0,0.0,0.0,0.0,0.0,0.0,0.0,0.0,0.0,0.0,0.0,0.0,0.0,0.0,0.0,0.0,0.0,0.0,0.0,0.0,0.0,0.0,0.0,0.0,0.0,0.0,0.0,0.0,0.0,0.0,0.0,0.0,0.0,0.0,0.0,0.0,0.0,0.0],[0.0,0.0,0.0,0.0,0.0,0.0,0.0,0.0,0.0,0.0,0.0,0.13,1.0,1.0,1.0,0.0,0.01,0.01,0.99,1.0,0.88,0.0,0.0,0.0,0.0,0.0,0.0,0.0,0.0,0.0,0.0,0.0,0.0,0.0,0.0,0.0,0.0,0.0,0.0,0.0,0.0,0.0,0.0,0.0,0.0,0.0,0.0,0.0,0.0,0.0,0.0,0.0,0.0,0.0,0.0,0.0,0.0,0.0,0.0,0.0,0.0,0.0,0.0,0.0],[0.0,0.0,0.0,0.0,0.0,0.0,0.0,0.0,0.0,0.0,0.0,0.0,0.35,1.0,1.0,0.16,0.96,0.9,0.99,0.81,0.0,0.0,0.0,0.0,0.0,0.0,0.0,0.0,0.0,0.0,0.0,0.0,0.0,0.0,0.0,0.0,0.0,0.0,0.0,0.0,0.0,0.0,0.0,0.0,0.0,0.0,0.0,0.0,0.0,0.0,0.0,0.0,0.0,0.0,0.0,0.0,0.0,0.0,0.0,0.0,0.0,0.0,0.0,0.0],[0.0,0.0,0.0,0.0,0.0,0.0,0.0,0.0,0.0,0.0,0.0,0.0,0.0,0.0,0.16,1.0,0.99,0.5,0.0,0.0,0.0,0.0,0.0,0.0,0.0,0.0,0.0,0.0,0.0,0.0,0.0,0.0,0.0,0.0,0.0,0.0,0.0,0.0,0.0,0.0,0.0,0.0,0.0,0.0,0.0,0.0,0.0,0.0,0.0,0.0,0.0,0.0,0.0,0.0,0.0,0.0,0.0,0.0,0.0,0.0,0.0,0.0,0.0,0.0],[0.0,0.0,0.0,0.0,0.0,0.0,0.0,0.0,0.0,0.0,0.0,0.0,0.0,0.01,0.96,0.99,1.0,0.99,0.73,0.0,0.0,0.0,0.0,0.0,0.0,0.0,0.0,0.0,0.0,0.0,0.0,0.0,0.0,0.0,0.0,0.0,0.0,0.0,0.0,0.0,0.0,0.0,0.0,0.0,0.0,0.0,0.0,0.0,0.0,0.0,0.0,0.0,0.0,0.0,0.0,0.0,0.0,0.0,0.0,0.0,0.0,0.0,0.0,0.0],[0.0,0.0,0.0,0.0,0.0,0.0,0.0,0.0,0.0,0.0,0.0,0.0,0.0,0.01,0.9,0.5,0.99,1.0,0.99,0.12,0.0,0.0,0.0,0.0,0.0,0.0,0.0,0.0,0.0,0.0,0.0,0.0,0.0,0.0,0.0,0.0,0.0,0.0,0.0,0.0,0.0,0.0,0.0,0.0,0.0,0.0,0.0,0.0,0.0,0.0,0.0,0.0,0.0,0.0,0.0,0.0,0.0,0.0,0.0,0.0,0.0,0.0,0.0,0.0],[0.0,0.0,0.0,0.0,0.0,0.0,0.0,0.0,0.0,0.0,0.0,0.0,0.05,0.99,0.99,0.0,0.73,0.99,1.0,1.0,0.06,0.0,0.0,0.0,0.0,0.0,0.0,0.0,0.0,0.0,0.0,0.0,0.0,0.0,0.0,0.0,0.0,0.0,0.0,0.0,0.0,0.0,0.0,0.0,0.0,0.0,0.0,0.0,0.0,0.0,0.0,0.0,0.0,0.0,0.0,0.0,0.0,0.0,0.0,0.0,0.0,0.0,0.0,0.0],[0.0,0.0,0.0,0.0,0.0,0.0,0.0,0.0,0.0,0.0,0.0,0.06,0.99,1.0,0.81,0.0,0.0,0.12,1.0,1.0,1.0,0.21,0.0,0.0,0.0,0.0,0.0,0.0,0.0,0.0,0.0,0.0,0.0,0.0,0.0,0.0,0.0,0.0,0.0,0.0,0.0,0.0,0.0,0.0,0.0,0.0,0.0,0.0,0.0,0.0,0.0,0.0,0.0,0.0,0.0,0.0,0.0,0.0,0.0,0.0,0.0,0.0,0.0,0.0],[0.0,0.0,0.0,0.0,0.0,0.0,0.0,0.0,0.0,0.0,0.07,1.0,1.0,0.88,0.0,0.0,0.0,0.0,0.06,1.0,1.0,1.0,0.22,0.0,0.0,0.0,0.0,0.0,0.0,0.0,0.0,0.0,0.0,0.0,0.0,0.0,0.0,0.0,0.0,0.0,0.0,0.0,0.0,0.0,0.0,0.0,0.0,0.0,0.0,0.0,0.0,0.0,0.0,0.0,0.0,0.0,0.0,0.0,0.0,0.0,0.0,0.0,0.0,0.0],[0.0,0.0,0.0,0.0,0.0,0.0,0.0,0.01,0.0,0.09,0.99,1.0,0.87,0.0,0.0,0.0,0.0,0.0,0.0,0.21,1.0,1.0,1.0,0.03,0.04,0.18,0.02,0.0,0.0,0.0,0.0,0.0,0.0,0.0,0.0,0.0,0.0,0.0,0.0,0.0,0.0,0.0,0.0,0.0,0.0,0.0,0.0,0.0,0.01,0.0,0.0,0.0,0.0,0.0,0.0,0.0,0.0,0.0,0.0,0.0,0.0,0.0,0.0,0.0],[0.0,0.0,0.0,0.0,0.0,0.0,0.0,0.79,0.01,0.99,0.99,0.7,0.0,0.0,0.0,0.0,0.0,0.0,0.0,0.0,0.22,1.0,1.0,0.77,0.21,0.35,0.62,0.77,0.0,0.0,0.0,0.0,0.0,0.0,0.0,0.0,0.0,0.0,0.06,0.06,0.06,0.07,0.16,0.35,0.18,0.24,0.54,0.46,0.47,0.39,0.73,0.73,0.76,0.56,0.5,0.2,0.12,0.12,0.15,0.09,0.09,0.24,0.07,0.07],[0.0,0.0,0.0,0.0,0.01,0.01,0.03,0.21,0.01,0.11,0.05,0.0,0.0,0.0,0.0,0.0,0.0,0.0,0.0,0.0,0.0,0.03,0.77,1.0,0.44,0.03,0.23,0.67,0.18,0.0,0.0,0.0,0.0,0.0,0.0,0.0,0.0,0.0,0.11,0.14,0.23,0.37,0.8,0.84,0.54,0.5,0.7,0.59,0.54,0.46,0.86,0.92,0.92,0.92,0.91,0.86,0.81,0.79,0.82,0.79,0.79,0.88,0.24,0.14],[0.0,0.0,0.0,0.0,0.0,0.0,0.0,0.01,0.0,0.04,0.07,0.01,0.0,0.0,0.0,0.0,0.0,0.0,0.0,0.0,0.0,0.04,0.21,0.44,1.0,0.67,0.74,0.5,0.01,0.0,0.0,0.0,0.0,0.0,0.0,0.0,0.0,0.0,0.04,0.05,0.05,0.04,0.05,0.05,0.04,0.05,0.06,0.06,0.06,0.08,0.07,0.07,0.12,0.15,0.26,0.34,0.39,0.43,0.45,0.24,0.14,0.1,0.05,0.05],[0.0,0.0,0.0,0.0,0.0,0.0,0.0,0.0,0.0,0.02,0.88,0.77,0.01,0.0,0.0,0.0,0.0,0.0,0.0,0.0,0.0,0.18,0.35,0.03,0.67,1.0,0.98,0.08,0.0,0.0,0.0,0.0,0.0,0.0,0.0,0.0,0.0,0.0,0.0,0.0,0.0,0.0,0.0,0.0,0.0,0.0,0.0,0.0,0.01,0.01,0.0,0.0,0.0,0.0,0.0,0.0,0.0,0.01,0.01,0.0,0.0,0.0,0.0,0.0],[0.0,0.0,0.0,0.0,0.0,0.0,0.0,0.01,0.01,0.49,0.93,0.17,0.0,0.0,0.0,0.0,0.0,0.0,0.0,0.0,0.0,0.02,0.62,0.23,0.74,0.98,1.0,0.98,0.0,0.0,0.0,0.0,0.0,0.0,0.0,0.0,0.0,0.0,0.07,0.1,0.1,0.07,0.05,0.06,0.05,0.05,0.07,0.05,0.04,0.05,0.05,0.07,0.08,0.16,0.34,0.48,0.46,0.44,0.46,0.43,0.26,0.13,0.09,0.1],[0.0,0.0,0.0,0.0,0.0,0.0,0.01,0.99,0.1,0.97,0.79,0.0,0.0,0.0,0.0,0.0,0.0,0.0,0.0,0.0,0.0,0.0,0.77,0.67,0.5,0.08,0.98,1.0,0.68,0.02,0.0,0.0,0.0,0.0,0.0,0.0,0.0,0.0,0.79,0.83,0.92,0.95,0.97,0.97,0.92,0.73,0.68,0.32,0.24,0.24,0.85,0.96,0.96,0.96,0.92,0.91,0.88,0.86,0.85,0.92,0.95,0.96,0.92,0.83],[0.0,0.0,0.0,0.0,0.02,0.09,0.99,0.25,0.12,0.01,0.0,0.0,0.0,0.0,0.0,0.0,0.0,0.0,0.0,0.0,0.0,0.0,0.0,0.18,0.01,0.0,0.0,0.68,1.0,0.78,0.59,0.01,0.76,0.01,0.0,0.0,0.0,0.0,0.91,0.91,0.96,0.97,0.98,0.98,0.95,0.89,0.82,0.41,0.25,0.25,0.88,0.96,0.96,0.98,0.94,0.94,0.85,0.76,0.72,0.94,0.97,0.98,0.96,0.92],[0.0,0.0,0.0,0.0,0.0,0.01,0.49,0.15,0.91,0.02,0.0,0.0,0.0,0.0,0.0,0.0,0.0,0.0,0.0,0.0,0.0,0.0,0.0,0.0,0.0,0.0,0.0,0.02,0.78,1.0,0.94,0.01,0.54,0.0,0.0,0.0,0.0,0.0,0.86,0.82,0.81,0.77,0.5,0.33,0.51,0.3,0.08,0.05,0.03,0.04,0.06,0.09,0.06,0.09,0.07,0.1,0.11,0.11,0.1,0.15,0.23,0.22,0.79,0.83],[0.0,0.0,0.0,0.0,0.0,0.02,0.63,0.01,0.35,0.0,0.0,0.0,0.0,0.0,0.0,0.0,0.0,0.0,0.0,0.0,0.0,0.0,0.0,0.0,0.0,0.0,0.0,0.0,0.59,0.94,1.0,0.05,0.97,0.09,0.0,0.0,0.0,0.0,0.52,0.44,0.28,0.13,0.04,0.02,0.05,0.03,0.01,0.01,0.01,0.01,0.01,0.01,0.01,0.02,0.01,0.02,0.03,0.04,0.04,0.04,0.04,0.03,0.24,0.4],[0.0,0.0,0.0,0.0,0.0,0.0,0.01,0.0,0.0,0.0,0.0,0.0,0.0,0.0,0.0,0.0,0.0,0.0,0.0,0.0,0.0,0.0,0.0,0.0,0.0,0.0,0.0,0.0,0.01,0.01,0.05,1.0,0.02,0.01,0.0,0.0,0.0,0.0,0.0,0.0,0.0,0.0,0.0,0.0,0.0,0.0,0.0,0.0,0.0,0.0,0.0,0.0,0.0,0.0,0.0,0.0,0.0,0.0,0.0,0.0,0.0,0.0,0.0,0.0],[0.0,0.0,0.0,0.0,0.02,0.99,0.97,0.0,0.0,0.0,0.0,0.0,0.0,0.0,0.0,0.0,0.0,0.0,0.0,0.0,0.0,0.0,0.0,0.0,0.0,0.0,0.0,0.0,0.76,0.54,0.97,0.02,1.0,1.0,0.04,0.0,0.0,0.0,0.06,0.09,0.06,0.02,0.01,0.01,0.02,0.02,0.01,0.01,0.01,0.01,0.01,0.01,0.01,0.01,0.01,0.02,0.03,0.03,0.03,0.02,0.02,0.01,0.05,0.07],[0.0,0.0,0.0,0.02,0.99,0.99,0.72,0.0,0.0,0.0,0.0,0.0,0.0,0.0,0.0,0.0,0.0,0.0,0.0,0.0,0.0,0.0,0.0,0.0,0.0,0.0,0.0,0.0,0.01,0.0,0.09,0.01,1.0,1.0,1.0,0.02,0.0,0.0,0.0,0.0,0.0,0.0,0.0,0.0,0.0,0.0,0.0,0.0,0.0,0.0,0.0,0.0,0.0,0.0,0.0,0.0,0.0,0.0,0.0,0.0,0.0,0.0,0.0,0.0],[0.0,0.0,0.02,0.99,0.99,0.88,0.0,0.0,0.0,0.0,0.0,0.0,0.0,0.0,0.0,0.0,0.0,0.0,0.0,0.0,0.0,0.0,0.0,0.0,0.0,0.0,0.0,0.0,0.0,0.0,0.0,0.0,0.04,1.0,1.0,1.0,0.03,0.0,0.0,0.0,0.0,0.0,0.0,0.0,0.0,0.0,0.0,0.0,0.0,0.0,0.0,0.0,0.0,0.0,0.0,0.0,0.0,0.0,0.0,0.0,0.0,0.0,0.0,0.0],[0.0,0.03,0.99,1.0,0.91,0.0,0.0,0.0,0.0,0.0,0.0,0.0,0.0,0.0,0.0,0.0,0.0,0.0,0.0,0.0,0.0,0.0,0.0,0.0,0.0,0.0,0.0,0.0,0.0,0.0,0.0,0.0,0.0,0.02,1.0,1.0,0.99,0.03,0.0,0.0,0.0,0.0,0.0,0.0,0.0,0.0,0.0,0.0,0.0,0.0,0.0,0.0,0.0,0.0,0.0,0.0,0.0,0.0,0.0,0.0,0.0,0.0,0.0,0.0],[0.06,0.99,0.99,0.85,0.0,0.0,0.0,0.0,0.0,0.0,0.0,0.0,0.0,0.0,0.0,0.0,0.0,0.0,0.0,0.0,0.0,0.0,0.0,0.0,0.0,0.0,0.0,0.0,0.0,0.0,0.0,0.0,0.0,0.0,0.03,0.99,1.0,0.99,0.0,0.0,0.0,0.0,0.0,0.0,0.0,0.0,0.0,0.0,0.0,0.0,0.0,0.0,0.0,0.0,0.0,0.0,0.0,0.0,0.0,0.0,0.0,0.0,0.0,0.0],[0.98,0.96,0.74,0.0,0.0,0.0,0.0,0.0,0.0,0.0,0.0,0.0,0.0,0.0,0.0,0.0,0.0,0.0,0.0,0.0,0.0,0.0,0.0,0.0,0.0,0.0,0.0,0.0,0.0,0.0,0.0,0.0,0.0,0.0,0.0,0.03,0.99,1.0,0.0,0.0,0.0,0.0,0.0,0.0,0.0,0.0,0.0,0.0,0.0,0.0,0.0,0.0,0.0,0.0,0.0,0.0,0.0,0.0,0.0,0.0,0.0,0.0,0.0,0.0],[0.0,0.0,0.0,0.0,0.0,0.02,0.5,0.83,0.78,0.48,0.01,0.0,0.0,0.0,0.0,0.0,0.0,0.0,0.0,0.0,0.0,0.0,0.06,0.11,0.04,0.0,0.07,0.79,0.91,0.86,0.52,0.0,0.06,0.0,0.0,0.0,0.0,0.0,1.0,1.0,1.0,1.0,1.0,1.0,1.0,1.0,0.92,0.02,0.03,0.02,0.93,1.0,1.0,1.0,0.94,0.94,0.02,0.03,0.03,1.0,1.0,1.0,1.0,1.0],[0.0,0.0,0.0,0.0,0.01,0.02,0.54,0.88,0.73,0.58,0.02,0.0,0.0,0.0,0.0,0.0,0.0,0.0,0.0,0.0,0.0,0.0,0.06,0.14,0.05,0.0,0.1,0.83,0.91,0.82,0.44,0.0,0.09,0.0,0.0,0.0,0.0,0.0,1.0,1.0,1.0,1.0,1.0,1.0,1.0,1.0,0.97,0.27,0.08,0.12,0.99,1.0,1.0,1.0,1.0,0.98,0.16,0.09,0.09,1.0,1.0,1.0,1.0,1.0],[0.0,0.0,0.0,0.0,0.0,0.03,0.69,0.95,0.63,0.76,0.01,0.0,0.0,0.0,0.0,0.0,0.0,0.0,0.0,0.0,0.0,0.0,0.06,0.23,0.05,0.0,0.1,0.92,0.96,0.81,0.28,0.0,0.06,0.0,0.0,0.0,0.0,0.0,1.0,1.0,1.0,1.0,1.0,1.0,1.0,1.0,1.0,0.91,0.47,0.55,1.0,1.0,1.0,1.0,1.0,1.0,0.94,0.49,0.43,1.0,1.0,1.0,1.0,1.0],[0.0,0.0,0.0,0.0,0.0,0.02,0.86,0.97,0.56,0.89,0.0,0.0,0.0,0.0,0.0,0.0,0.0,0.0,0.0,0.0,0.0,0.0,0.07,0.37,0.04,0.0,0.07,0.95,0.97,0.77,0.13,0.0,0.02,0.0,0.0,0.0,0.0,0.0,1.0,1.0,1.0,1.0,1.0,1.0,1.0,1.0,1.0,1.0,0.98,0.96,1.0,1.0,1.0,1.0,1.0,1.0,1.0,0.98,0.99,1.0,1.0,1.0,1.0,1.0],[0.0,0.0,0.0,0.0,0.0,0.02,0.94,0.98,0.31,0.92,0.0,0.0,0.0,0.0,0.0,0.0,0.0,0.0,0.0,0.0,0.0,0.0,0.16,0.8,0.05,0.0,0.05,0.97,0.98,0.5,0.04,0.0,0.01,0.0,0.0,0.0,0.0,0.0,1.0,1.0,1.0,1.0,1.0,1.0,1.0,1.0,1.0,1.0,1.0,1.0,1.0,1.0,1.0,1.0,1.0,1.0,1.0,1.0,1.0,1.0,1.0,1.0,1.0,1.0],[0.0,0.0,0.0,0.0,0.0,0.07,0.94,0.98,0.23,0.92,0.0,0.0,0.0,0.0,0.0,0.0,0.0,0.0,0.0,0.0,0.0,0.0,0.35,0.84,0.05,0.0,0.06,0.97,0.98,0.33,0.02,0.0,0.01,0.0,0.0,0.0,0.0,0.0,1.0,1.0,1.0,1.0,1.0,1.0,1.0,1.0,1.0,1.0,1.0,1.0,1.0,1.0,1.0,1.0,1.0,1.0,1.0,1.0,0.99,1.0,1.0,1.0,1.0,1.0],[0.0,0.0,0.0,0.0,0.0,0.16,0.91,0.97,0.38,0.88,0.0,0.0,0.0,0.0,0.0,0.0,0.0,0.0,0.0,0.0,0.0,0.0,0.18,0.54,0.04,0.0,0.05,0.92,0.95,0.51,0.05,0.0,0.02,0.0,0.0,0.0,0.0,0.0,1.0,1.0,1.0,1.0,1.0,1.0,1.0,1.0,1.0,1.0,1.0,1.0,1.0,1.0,1.0,1.0,1.0,1.0,0.89,0.06,0.09,1.0,1.0,1.0,1.0,1.0],[0.0,0.0,0.0,0.0,0.01,0.38,0.9,0.96,0.26,0.76,0.0,0.0,0.0,0.0,0.0,0.0,0.0,0.0,0.0,0.0,0.0,0.0,0.24,0.5,0.05,0.0,0.05,0.73,0.89,0.3,0.03,0.0,0.02,0.0,0.0,0.0,0.0,0.0,1.0,1.0,1.0,1.0,1.0,1.0,1.0,1.0,1.0,1.0,1.0,1.0,1.0,1.0,1.0,1.0,1.0,1.0,0.01,0.03,0.02,1.0,1.0,1.0,1.0,1.0],[0.0,0.0,0.0,0.0,0.01,0.48,0.9,0.97,0.07,0.61,0.0,0.0,0.0,0.0,0.0,0.0,0.0,0.0,0.0,0.0,0.0,0.0,0.54,0.7,0.06,0.0,0.07,0.68,0.82,0.08,0.01,0.0,0.01,0.0,0.0,0.0,0.0,0.0,0.92,0.97,1.0,1.0,1.0,1.0,1.0,1.0,1.0,1.0,1.0,1.0,1.0,1.0,1.0,1.0,1.0,1.0,0.03,0.09,0.06,1.0,1.0,1.0,1.0,0.98],[0.0,0.0,0.0,0.0,0.02,0.56,0.86,0.93,0.05,0.25,0.0,0.0,0.0,0.0,0.0,0.0,0.0,0.0,0.0,0.0,0.0,0.0,0.46,0.59,0.06,0.0,0.05,0.32,0.41,0.05,0.01,0.0,0.01,0.0,0.0,0.0,0.0,0.0,0.02,0.27,0.91,1.0,1.0,1.0,1.0,1.0,1.0,1.0,1.0,1.0,1.0,1.0,1.0,1.0,1.0,0.04,0.01,0.02,0.01,0.01,0.87,1.0,0.92,0.14],[0.0,0.0,0.0,0.0,0.05,0.49,0.87,0.92,0.03,0.15,0.01,0.0,0.0,0.0,0.0,0.0,0.0,0.0,0.0,0.0,0.0,0.01,0.47,0.54,0.06,0.01,0.04,0.24,0.25,0.03,0.01,0.0,0.01,0.0,0.0,0.0,0.0,0.0,0.03,0.08,0.47,0.98,1.0,1.0,1.0,1.0,1.0,1.0,1.0,1.0,1.0,1.0,1.0,0.98,0.75,0.06,0.01,0.03,0.02,0.02,0.09,0.99,0.38,0.07],[0.0,0.0,0.0,0.0,0.06,0.48,0.81,0.89,0.05,0.17,0.01,0.0,0.0,0.0,0.0,0.0,0.0,0.0,0.0,0.0,0.0,0.0,0.39,0.46,0.08,0.01,0.05,0.24,0.25,0.04,0.01,0.0,0.01,0.0,0.0,0.0,0.0,0.0,0.02,0.12,0.55,0.96,1.0,1.0,1.0,1.0,1.0,1.0,1.0,1.0,1.0,1.0,1.0,1.0,0.54,0.1,0.02,0.02,0.03,0.03,0.06,1.0,0.42,0.08],[0.0,0.0,0.0,0.0,0.01,0.32,0.91,0.97,0.05,0.56,0.0,0.0,0.0,0.0,0.0,0.0,0.0,0.0,0.0,0.0,0.0,0.0,0.73,0.86,0.07,0.0,0.05,0.85,0.88,0.06,0.01,0.0,0.01,0.0,0.0,0.0,0.0,0.0,0.93,0.99,1.0,1.0,1.0,1.0,1.0,1.0,1.0,1.0,1.0,1.0,1.0,1.0,1.0,1.0,1.0,1.0,1.0,0.52,0.75,1.0,1.0,1.0,1.0,1.0],[0.0,0.0,0.0,0.0,0.0,0.12,0.94,0.98,0.08,0.81,0.0,0.0,0.0,0.0,0.0,0.0,0.0,0.0,0.0,0.0,0.0,0.0,0.73,0.92,0.07,0.0,0.07,0.96,0.96,0.09,0.01,0.0,0.01,0.0,0.0,0.0,0.0,0.0,1.0,1.0,1.0,1.0,1.0,1.0,1.0,1.0,1.0,1.0,1.0,1.0,1.0,1.0,1.0,1.0,1.0,1.0,1.0,1.0,0.99,1.0,1.0,1.0,1.0,1.0],[0.0,0.0,0.0,0.0,0.01,0.08,0.92,0.97,0.05,0.63,0.0,0.0,0.0,0.0,0.0,0.0,0.0,0.0,0.0,0.0,0.0,0.0,0.76,0.92,0.12,0.0,0.08,0.96,0.96,0.06,0.01,0.0,0.01,0.0,0.0,0.0,0.0,0.0,1.0,1.0,1.0,1.0,1.0,1.0,1.0,1.0,1.0,1.0,1.0,1.0,1.0,1.0,1.0,1.0,1.0,1.0,1.0,1.0,1.0,1.0,1.0,1.0,1.0,1.0],[0.0,0.0,0.0,0.0,0.01,0.06,0.89,0.97,0.08,0.61,0.0,0.0,0.0,0.0,0.0,0.0,0.0,0.0,0.0,0.0,0.0,0.0,0.56,0.92,0.15,0.0,0.16,0.96,0.98,0.09,0.02,0.0,0.01,0.0,0.0,0.0,0.0,0.0,1.0,1.0,1.0,1.0,1.0,1.0,1.0,1.0,1.0,1.0,0.98,1.0,1.0,1.0,1.0,1.0,1.0,1.0,1.0,1.0,1.0,1.0,1.0,1.0,1.0,1.0],[0.0,0.0,0.0,0.0,0.01,0.07,0.51,0.86,0.05,0.24,0.0,0.0,0.0,0.0,0.0,0.0,0.0,0.0,0.0,0.0,0.0,0.0,0.5,0.91,0.26,0.0,0.34,0.92,0.94,0.07,0.01,0.0,0.01,0.0,0.0,0.0,0.0,0.0,0.94,1.0,1.0,1.0,1.0,1.0,1.0,1.0,1.0,1.0,0.75,0.54,1.0,1.0,1.0,1.0,1.0,1.0,1.0,1.0,1.0,1.0,1.0,1.0,1.0,0.99],[0.0,0.0,0.0,0.0,0.01,0.06,0.39,0.65,0.07,0.16,0.0,0.0,0.0,0.0,0.0,0.0,0.0,0.0,0.0,0.0,0.0,0.0,0.2,0.86,0.34,0.0,0.48,0.91,0.94,0.1,0.02,0.0,0.02,0.0,0.0,0.0,0.0,0.0,0.94,0.98,1.0,1.0,1.0,1.0,1.0,1.0,1.0,0.04,0.06,0.1,1.0,1.0,1.0,1.0,1.0,1.0,1.0,1.0,1.0,1.0,1.0,1.0,1.0,0.98],[0.0,0.0,0.0,0.0,0.02,0.07,0.28,0.29,0.05,0.06,0.0,0.0,0.0,0.0,0.0,0.0,0.0,0.0,0.0,0.0,0.0,0.0,0.12,0.81,0.39,0.0,0.46,0.88,0.85,0.11,0.03,0.0,0.03,0.0,0.0,0.0,0.0,0.0,0.02,0.16,0.94,1.0,1.0,1.0,0.89,0.01,0.03,0.01,0.01,0.02,1.0,1.0,1.0,1.0,1.0,1.0,1.0,1.0,1.0,1.0,1.0,1.0,0.93,0.33],[0.0,0.0,0.0,0.0,0.02,0.07,0.26,0.24,0.06,0.05,0.0,0.0,0.0,0.0,0.0,0.0,0.0,0.0,0.0,0.0,0.0,0.0,0.12,0.79,0.43,0.01,0.44,0.86,0.76,0.11,0.04,0.0,0.03,0.0,0.0,0.0,0.0,0.0,0.03,0.09,0.49,0.98,1.0,1.0,0.06,0.03,0.09,0.02,0.03,0.02,0.52,1.0,1.0,1.0,1.0,1.0,1.0,1.0,1.0,1.0,1.0,1.0,0.64,0.13],[0.0,0.0,0.0,0.0,0.02,0.07,0.26,0.24,0.06,0.06,0.0,0.0,0.0,0.0,0.0,0.0,0.0,0.0,0.0,0.0,0.0,0.0,0.15,0.82,0.45,0.01,0.46,0.85,0.72,0.1,0.04,0.0,0.03,0.0,0.0,0.0,0.0,0.0,0.03,0.09,0.43,0.99,1.0,0.99,0.09,0.02,0.06,0.01,0.02,0.03,0.75,0.99,1.0,1.0,1.0,1.0,1.0,1.0,1.0,1.0,1.0,1.0,0.56,0.1],[0.0,0.0,0.0,0.0,0.01,0.04,0.33,0.72,0.11,0.22,0.0,0.0,0.0,0.0,0.0,0.0,0.0,0.0,0.0,0.0,0.0,0.0,0.09,0.79,0.24,0.0,0.43,0.92,0.94,0.15,0.04,0.0,0.02,0.0,0.0,0.0,0.0,0.0,1.0,1.0,1.0,1.0,1.0,1.0,1.0,1.0,1.0,0.01,0.02,0.03,1.0,1.0,1.0,1.0,1.0,1.0,1.0,1.0,1.0,1.0,1.0,1.0,1.0,1.0],[0.0,0.0,0.0,0.0,0.0,0.03,0.59,0.94,0.17,0.55,0.0,0.0,0.0,0.0,0.0,0.0,0.0,0.0,0.0,0.0,0.0,0.0,0.09,0.79,0.14,0.0,0.26,0.95,0.97,0.23,0.04,0.0,0.02,0.0,0.0,0.0,0.0,0.0,1.0,1.0,1.0,1.0,1.0,1.0,1.0,1.0,1.0,0.87,0.09,0.06,1.0,1.0,1.0,1.0,1.0,1.0,1.0,1.0,1.0,1.0,1.0,1.0,1.0,1.0],[0.0,0.0,0.0,0.0,0.0,0.04,0.91,0.98,0.16,0.8,0.0,0.0,0.0,0.0,0.0,0.0,0.0,0.0,0.0,0.0,0.0,0.0,0.24,0.88,0.1,0.0,0.13,0.96,0.98,0.22,0.03,0.0,0.01,0.0,0.0,0.0,0.0,0.0,1.0,1.0,1.0,1.0,1.0,1.0,1.0,1.0,1.0,1.0,0.99,1.0,1.0,1.0,1.0,1.0,1.0,1.0,1.0,1.0,1.0,1.0,1.0,1.0,1.0,1.0],[0.0,0.0,0.0,0.0,0.0,0.02,0.74,0.96,0.61,0.74,0.01,0.0,0.0,0.0,0.0,0.0,0.0,0.0,0.0,0.0,0.0,0.0,0.07,0.24,0.05,0.0,0.09,0.92,0.96,0.79,0.24,0.0,0.05,0.0,0.0,0.0,0.0,0.0,1.0,1.0,1.0,1.0,1.0,1.0,1.0,1.0,1.0,0.92,0.38,0.42,1.0,1.0,1.0,1.0,1.0,1.0,0.93,0.64,0.56,1.0,1.0,1.0,1.0,1.0],[0.0,0.0,0.0,0.0,0.01,0.02,0.53,0.87,0.71,0.55,0.02,0.0,0.0,0.0,0.0,0.0,0.0,0.0,0.0,0.0,0.0,0.0,0.07,0.14,0.05,0.0,0.1,0.83,0.92,0.83,0.4,0.0,0.07,0.0,0.0,0.0,0.0,0.0,1.0,1.0,1.0,1.0,1.0,1.0,1.0,1.0,0.98,0.14,0.07,0.08,1.0,1.0,1.0,1.0,0.99,0.98,0.33,0.13,0.1,1.0,1.0,1.0,1.0,1.0]],
