{
  "atom_chain_ids": ["A","A","A","A","A","A","A","A","A","A","A","A","A","A","A","A","A","A","A","A","A","A","A","A","A","A","A","A","A","A","A","A","A","A","A","A","A","A","A","A","A","A","A","A","A","A","A","A","A","A","A","A","A","A","A","A","A","A","A","A","A","A","A","A","A","A","A","A","A","A","A","A","A","A","A","A","A","A","A","A","A","A","A","A","A","A","A","A","A","A","A","A","A","A","A","A","A","A","A","A","A","A","A","A","A","A","A","A","A","A","A","A","A","A","A","A","A","A","A","A","A","A","A","A","A","A","A","A","A","A","A","A","A","A","A","A","A","A","A","A","A","A","A","A","A","A","A","A","A","A","A","A","A","A","A","A","A","A","A","A","A","A","A","A","A","A","A","A","A","A","A","A","A","A","A","A","A","A","A","A","A","A","A","A","A","A","A","A","A","A","A","A","A","A","A","A","A","A","A","A","A","A","A","A","A","A","A","A","A","A","A","A","A","A","A","A","A","A","A","A","A","A","A","A","A","A","A","A","A","A","A","A","A","A","A","A","A","A","A","A","A","A","A","A","A","A","A","A","A","A","A","A","A","A","A","A","A","A","A","A","A","A","A","A","A","A","A","A","A","A","A","A","A","A","A","A","A","A","A","A","A","A","A","A","A","A","A","A","A","A","A","A","A","A","A","A","A","A","A","A","A","A","A","A","A","A","A","A","A","A","A","A","A","A","A","A","A","A","A","A","A","A","A","A","A","A","A","A","A","A","A","A","A","A","A","A","A","A","A","A","A","A","A","A","A","A","A","A","A","A","A","A","A","A","A","A","A","A","A","A","A","A","A","A","A","A","A","A","A","A","A","A","A","A","A","A","A","A","A","A","A","A","A","A","A","A","A","A","A","A","A","A","A","A","A","A","A","A","A","A","A","A","A","A","A","A","A","A","A","A","A","A","A","A","A","A","A","A","A","A","A","A","A","A","A","A","A","A","A","A","A","A","A","A","A","A","A","A","A","A","A","A","A","A","A","A","A","A","A","A","A","A","A","A","A","A","A","A","A","A","A","A","A","A","A","A","A","A","A","A","A","A","A","A","A","A","A","A","A","A","A","A","A","A","A","A","A","A","A","A","A","A","A","A","A","A","A","A","A","A","A","A","A","A","A","A","A","A","A","A","A","A","A","A","A","A","A","A","A","A","A","A","A","A","A","A","A","A","A","A","A","A","A","A","A","A","A","A","A","A","A","A","A","A","A","A","A","A","A","A","A","A","A","A","A","A","A","A","A","A","A","A","A","A","A","A","A","A","A","A","A","A","A","A","A","A","A","A","A","A","A","A","A","A","A","A","A","A","A","A","A","A","A","A","A","A","A","A","A","A","A","A","A","A","A","A","A","A","A","A","A","A","A","A","A","A","A","A","A","A","A","A","A","A","A","A","A","A","A","A","A","A","A","A","A","A","A","A","A","A","A","A","A","A","A","A","A","A","A","A","A","A","A","A","A","A","A","A","A","A","A","A","A","A","A","A","A","A","A","A","A","A","A","A","A","A","A","A","A","A","A","A","A","A","A","A","A","A","A","A","A","A","A","A","A","A","A","A","A","A","A","A","A","A","A","A","A","A","A","A","A","A","A","A","A","A","A","A","A","A","A","A","A","A","A","A","A","A","A","A","A","A","A","A","A","A","A","A","A","A","A","A","A","A","A","A","A","A","A","A","A","A","A","A","A","A","A","A","A","A","A","A","A","A","A","A","A","A","A","A","A","A","A","A","A","A","A","A","A","A","A","A","A","A","A","A","A","A","A","A","A","A","A","A","A","A","A","A","A","A","A","A","A","A","A","A","A","A","A","A","A","A","A","A","A","A","A","A","A","A","B","B","B","B","B","B","B","B","B","B","B","B","B","B","B","B","B","B","B","B","B","B","B","B","B","B"],
  "atom_plddts": [59.63,62.34,57.18,60.56,63.07,64.49,68.12,68.7,69.28,68.15,67.9,66.45,68.42,68.68,68.18,68.13,68.52,67.88,66.89,67.36,67.51,67.26,68.85,70.51,67.61,64.34,66.05,68.16,68.73,70.54,71.54,71.49,70.56,71.45,70.15,71.39,72.49,72.91,72.82,73.46,73.07,72.46,72.97,72.58,72.26,72.84,72.93,72.44,70.36,72.18,72.15,72.46,74.07,74.91,74.68,73.76,75.18,73.88,75.04,76.23,76.38,76.34,77.24,76.94,76.47,76.43,75.96,76.46,76.89,76.66,74.11,75.94,76.87,77.5,79.12,79.96,79.97,79.45,80.23,78.83,80.01,80.97,80.32,79.68,80.63,80.78,80.2,80.51,80.66,80.08,78.34,79.8,80.01,79.8,81.77,81.91,81.88,81.27,81.9,80.8,82.06,82.8,82.43,81.79,82.72,82.85,82.34,82.54,82.51,81.28,79.87,81.14,81.1,80.74,82.62,82.76,82.64,82.07,82.62,81.49,82.83,83.49,83.14,82.51,83.37,83.43,82.96,83.13,83.12,80.94,79.09,79.81,80.76,80.6,82.2,82.21,82.14,81.41,82.03,80.81,82.54,83.2,82.6,81.87,82.92,83.11,82.5,82.71,82.71,78.66,75.47,76.15,78.54,80.16,82.0,82.34,82.7,81.87,81.87,80.77,82.76,83.34,82.14,81.99,82.85,82.54,81.73,82.25,82.21,82.22,83.08,83.33,79.71,77.91,78.43,78.26,77.27,78.9,79.14,80.08,78.61,78.5,75.44,78.35,78.21,75.79,74.38,76.24,75.35,73.94,73.82,74.06,73.67,76.81,79.57,76.61,77.6,80.04,80.35,82.48,82.72,82.72,82.18,82.82,81.84,83.21,83.88,83.39,82.94,83.83,83.9,83.3,83.63,83.74,82.57,81.19,82.12,82.8,82.71,83.77,84.13,83.93,83.54,84.04,83.0,84.18,84.79,84.36,83.83,84.55,84.56,84.07,84.31,84.43,82.21,81.29,82.09,81.95,81.73,82.88,83.33,83.29,82.74,83.04,81.85,82.86,83.36,83.09,82.88,83.34,82.97,82.6,82.97,82.73,82.12,82.89,83.21,80.25,80.47,81.14,79.17,78.11,79.09,79.39,79.02,78.1,78.42,76.91,78.51,79.07,79.49,79.11,79.48,79.13,78.78,79.23,78.86,77.75,78.51,78.99,77.73,77.91,78.43,76.96,75.36,76.58,76.59,76.54,75.93,75.99,74.6,76.39,77.2,77.23,76.25,76.9,76.79,76.18,76.81,76.96,79.46,77.87,77.95,79.1,78.39,79.79,80.14,80.33,79.64,79.97,78.4,80.02,80.53,79.85,79.29,79.98,79.39,78.31,79.4,79.46,78.5,79.88,80.49,82.86,81.58,81.6,81.05,79.14,81.54,81.82,83.46,82.4,81.79,79.36,80.87,80.55,78.06,76.94,77.67,76.06,74.57,75.26,75.65,75.91,78.83,78.92,76.64,76.92,77.79,76.37,77.96,77.88,78.79,77.49,77.1,74.68,76.97,77.27,75.9,74.84,75.9,75.26,73.89,74.83,74.8,72.79,75.37,77.15,76.8,75.12,75.93,75.79,74.15,75.2,75.16,76.32,74.57,74.25,72.37,74.61,75.1,73.43,72.58,74.22,73.33,72.09,71.94,71.77,71.63,74.34,77.08,74.03,74.91,77.12,77.83,79.82,80.43,80.42,79.65,80.26,78.71,80.59,81.49,81.12,80.98,81.9,81.65,80.92,81.35,81.08,80.89,81.64,81.79,80.44,77.93,79.1,81.03,80.43,82.98,83.45,83.08,82.82,83.47,82.4,83.55,84.19,83.72,83.19,83.98,83.96,83.37,83.84,84.06,84.52,83.83,84.53,84.04,83.08,84.54,84.65,84.27,83.84,84.19,82.97,84.39,84.9,84.86,84.14,84.89,84.97,84.52,84.85,84.81,84.12,82.97,83.83,83.47,83.18,84.24,84.59,84.6,84.04,84.63,83.48,84.7,85.24,85.07,84.79,85.39,85.21,84.74,84.99,84.74,84.77,85.26,83.33,81.14,81.54,82.8,83.26,84.65,84.79,84.94,84.21,84.61,83.47,85.21,85.71,85.41,85.16,85.94,85.88,85.29,85.73,85.47,85.2,85.9,86.06,81.51,79.58,79.85,79.99,79.92,81.92,81.95,82.79,81.4,80.55,77.13,81.17,81.14,78.35,76.48,78.38,77.85,75.94,76.9,77.22,74.92,78.73,80.42,76.47,74.01,74.41,75.28,74.08,75.5,75.76,76.9,75.33,74.48,70.29,74.5,74.05,70.36,66.83,69.5,68.8,66.14,67.76,69.47,75.5,72.64,73.0,74.97,75.02,76.95,77.74,78.21,77.19,77.72,75.96,77.66,78.21,76.26,75.56,77.06,76.32,74.99,75.33,75.43,75.69,77.72,76.79,74.0,74.65,76.23,76.71,78.38,79.13,79.45,78.42,79.22,77.39,79.33,80.09,78.56,77.94,79.23,78.85,77.6,77.98,77.9,77.97,79.6,78.96,75.17,75.94,79.36,79.88,82.17,82.7,82.7,82.07,82.68,81.35,83.16,83.77,82.91,82.23,83.26,83.32,82.47,82.98,83.2,79.57,76.38,76.68,79.07,80.29,82.45,82.96,83.15,82.32,82.58,81.28,83.35,83.97,83.23,83.02,83.82,83.53,82.71,83.3,83.16,83.04,83.97,84.19,77.22,75.56,76.78,75.29,74.72,76.79,77.1,78.11,76.57,76.56,73.12,76.66,77.12,74.64,73.23,74.9,74.19,72.6,72.92,72.95,72.46,75.43,74.45,71.81,72.67,73.36,74.15,75.42,76.21,76.82,75.19,76.04,73.27,75.8,76.64,74.65,73.79,75.43,75.01,73.58,73.89,73.8,73.77,76.06,72.37,68.99,70.49,72.57,71.42,72.85,72.81,75.26,73.61,71.27,68.2,71.31,70.27,65.97,62.66,63.65,62.68,60.46,62.97,65.76,72.98,68.89,69.96,73.84,76.05,78.28,79.83,79.61,79.13,79.77,78.66,79.88,80.83,80.0,80.04,80.71,80.34,79.68,80.17,80.05,80.27,80.81,80.83,77.69,75.74,76.63,77.48,77.97,79.53,80.62,80.26,79.62,80.36,79.18,80.31,81.05,80.7,80.53,81.05,80.76,80.29,80.71,80.49,80.27,80.84,81.01,77.59,77.33,78.1,76.09,75.6,76.54,76.98,76.83,75.78,76.82,75.02,76.6,77.37,77.58,77.13,77.77,77.36,76.86,77.05,76.68,76.65,77.45,75.55,74.59,75.32,74.42,74.0,75.31,76.24,76.04,75.53,75.88,73.69,75.76,76.67,76.23,75.23,76.02,75.93,75.26,75.85,76.09,74.39,73.14,73.45,73.83,72.71,74.07,74.53,74.28,73.94,73.98,72.47,73.94,74.75,74.72,73.51,74.34,74.21,73.35,74.25,74.6,73.43,72.99,72.95,72.66,71.51,72.73,72.54,72.59,71.92,71.42,70.16,71.42,71.85,71.52,69.98,70.62,70.28,69.38,70.59,71.37,80.54,78.88,80.31,86.31,87.87,87.63,86.39,84.27,85.08,82.1,74.89,77.09,86.53,87.67,88.06,87.01,84.94,83.82,79.35,71.02,71.35,84.04,86.19,87.85,81.18,79.11],
  "contact_probs": [[1.0,0.99,0.13,0.0,0.0,0.0,0.0,0.0,0.0,0.0,0.0,0.0,0.0,0.0,0.0,0.0,0.0,0.0,0.0,0.0,0.0,0.0,0.0,0.0,0.0,0.0,0.0,0.0,0.0,0.0,0.0,0.0,0.0,0.0,0.0,0.0,0.06,0.98,0.0,0.0,0.0,0.0,0.0,0.0,0.0,0.0,0.0,0.0,0.0,0.0,0.0,0.0,0.0,0.0,0.0,0.0,0.0,0.0,0.0,0.0,0.0,0.0,0.0,0.0],[0.99,1.0,1.0,0.05,0.0,0.0,0.0,0.0,0.0,0.0,0.0,0.0,0.0,0.0,0.0,0.0,0.0,0.0,0.0,0.0,0.0,0.0,0.0,0.0,0.0,0.0,0.0,0.0,0.0,0.0,0.0,0.0,0.0,0.0,0.0,0.03,0.99,0.96,0.0,0.0,0.0,0.0,0.0,0.0,0.0,0.0,0.0,0.0,0.0,0.0,0.0,0.0,0.0,0.0,0.0,0.0,0.0,0.0,0.0,0.0,0.0,0.0,0.0,0.0],[0.13,1.0,1.0,1.0,0.03,0.0,0.0,0.0,0.0,0.0,0.0,0.0,0.0,0.0,0.0,0.0,0.0,0.0,0.0,0.0,0.0,0.0,0.0,0.0,0.0,0.0,0.0,0.0,0.0,0.0,0.0,0.0,0.0,0.0,0.02,0.99,0.99,0.74,0.0,0.0,0.0,0.0,0.0,0.0,0.0,0.0,0.0,0.0,0.0,0.0,0.0,0.0,0.0,0.0,0.0,0.0,0.0,0.0,0.0,0.0,0.0,0.0,0.0,0.0],[0.0,0.05,1.0,1.0,1.0,0.02,0.0,0.0,0.0,0.0,0.0,0.0,0.0,0.0,0.0,0.0,0.0,0.0,0.0,0.0,0.0,0.0,0.0,0.0,0.0,0.0,0.0,0.0,0.0,0.0,0.0,0.0,0.0,0.02,0.99,1.0,0.86,0.0,0.0,0.0,0.0,0.0,0.0,0.0,0.0,0.0,0.0,0.0,0.0,0.0,0.0,0.0,0.0,0.0,0.0,0.0,0.0,0.0,0.0,0.0,0.0,0.0,0.0,0.0],[0.0,0.0,0.03,1.0,1.0,1.0,0.42,0.0,0.0,0.0,0.0,0.0,0.0,0.0,0.0,0.0,0.0,0.0,0.0,0.0,0.0,0.0,0.0,0.01,0.0,0.0,0.0,0.0,0.01,0.0,0.0,0.0,0.02,0.99,0.99,0.91,0.0,0.0,0.0,0.0,0.0,0.0,0.0,0.0,0.0,0.01,0.01,0.02,0.05,0.06,0.01,0.0,0.01,0.01,0.01,0.01,0.02,0.02,0.02,0.01,0.0,0.0,0.0,0.0],[0.0,0.0,0.0,0.02,1.0,1.0,0.99,0.0,0.0,0.0,0.0,0.0,0.0,0.0,0.0,0.0,0.0,0.0,0.0,0.0,0.0,0.0,0.0,0.01,0.0,0.0,0.0,0.0,0.09,0.01,0.02,0.0,0.99,0.99,0.88,0.0,0.0,0.0,0.02,0.02,0.03,0.02,0.02,0.07,0.16,0.39,0.49,0.57,0.51,0.5,0.32,0.12,0.08,0.06,0.06,0.05,0.06,0.06,0.06,0.03,0.03,0.03,0.02,0.02],[0.0,0.0,0.0,0.0,0.42,0.99,1.0,0.79,0.06,0.0,0.0,0.0,0.0,0.0,0.0,0.0,0.0,0.0,0.0,0.0,0.0,0.0,0.0,0.03,0.0,0.0,0.0,0.01,0.99,0.5,0.63,0.01,0.97,0.72,0.0,0.0,0.0,0.0,0.51,0.55,0.7,0.87,0.94,0.94,0.93,0.91,0.91,0.88,0.88,0.82,0.91,0.94,0.92,0.89,0.51,0.37,0.26,0.24,0.25,0.32,0.58,0.91,0.73,0.54],[0.0,0.0,0.0,0.0,0.0,0.0,0.79,1.0,0.6,0.99,0.45,0.0,0.0,0.0,0.0,0.0,0.0,0.0,0.0,0.0,0.0,0.01,0.8,0.2,0.01,0.0,0.01,0.99,0.24,0.15,0.01,0.0,0.0,0.0,0.0,0.0,0.0,0.0,0.84,0.89,0.95,0.97,0.98,0.98,0.97,0.96,0.97,0.93,0.92,0.89,0.97,0.98,0.97,0.97,0.85,0.64,0.28,0.22,0.24,0.71,0.94,0.98,0.96,0.88],[0.0,0.0,0.0,0.0,0.0,0.0,0.06,0.6,1.0,0.21,0.0,0.0,0.0,0.0,0.0,0.0,0.0,0.0,0.0,0.0,0.0,0.0,0.01,0.01,0.0,0.0,0.01,0.1,0.12,0.91,0.37,0.0,0.0,0.0,0.0,0.0,0.0,0.0,0.79,0.75,0.64,0.57,0.31,0.23,0.38,0.26,0.07,0.04,0.03,0.04,0.05,0.07,0.05,0.07,0.05,0.06,0.05,0.05,0.05,0.1,0.16,0.15,0.62,0.73],[0.0,0.0,0.0,0.0,0.0,0.0,0.0,0.99,0.21,1.0,1.0,0.05,0.0,0.0,0.0,0.0,0.0,0.0,0.0,0.0,0.0,0.09,0.99,0.1,0.04,0.02,0.5,0.97,0.01,0.02,0.0,0.0,0.0,0.0,0.0,0.0,0.0,0.0,0.49,0.59,0.76,0.89,0.93,0.92,0.89,0.76,0.6,0.24,0.15,0.16,0.55,0.81,0.6,0.59,0.22,0.15,0.06,0.05,0.05,0.21,0.54,0.8,0.74,0.56],[0.0,0.0,0.0,0.0,0.0,0.0,0.0,0.45,0.0,1.0,1.0,1.0,0.23,0.0,0.0,0.0,0.0,0.0,0.0,0.0,0.08,0.99,0.99,0.04,0.07,0.88,0.93,0.79,0.0,0.0,0.0,0.0,0.0,0.0,0.0,0.0,0.0,0.0,0.01,0.02,0.01,0.0,0.0,0.0,0.0,0.0,0.0,0.0,0.0,0.01,0.0,0.0,0.0,0.0,0.0,0.0,0.0,0.0,0.0,0.0,0.0,0.0,0.01,0.02],[0.0,0.0,0.0,0.0,0.0,0.0,0.0,0.0,0.0,0.05,1.0,1.0,1.0,0.14,0.0,0.0,0.0,0.0,0.0,0.06,1.0,1.0,0.7,0.0,0.01,0.77,0.18,0.0,0.0,0.0,0.0,0.0,0.0,0.0,0.0,0.0,0.0,0.0,0.0,0.0,0.0,0.0,0.0,0.0,0.0,0.0,0.0,0.0,0.0,0.0,0.0,0.0,0.0,0.0,0.0,0.0,0.0,0.0,0.0,0.0,0.0,0.0,0.0,0.0],[0.0,0.0,0.0,0.0,0.0,0.0,0.0,0.0,0.0,0.0,0.23,1.0,1.0,1.0,0.36,0.0,0.0,0.0,0.06,0.99,1.0,0.87,0.0,0.0,0.0,0.01,0.0,0.0,0.0,0.0,0.0,0.0,0.0,0.0,0.0,0.0,0.0,0.0,0.0,0.0,0.0,0.0,0.0,0.0,0.0,0.0,0.0,0.0,0.0,0.0,0.0,0.0,0.0,0.0,0.0,0.0,0.0,0.0,0.0,0.0,0.0,0.0,0.0,0.0],[0.0,0.0,0.0,0.0,0.0,0.0,0.0,0.0,0.0,0.0,0.0,0.14,1.0,1.0,1.0,0.0,0.01,0.01,0.99,1.0,0.88,0.0,0.0,0.0,0.0,0.0,0.0,0.0,0.0,0.0,0.0,0.0,0.0,0.0,0.0,0.0,0.0,0.0,0.0,0.0,0.0,0.0,0.0,0.0,0.0,0.0,0.0,0.0,0.0,0.0,0.0,0.0,0.0,0.0,0.0,0.0,0.0,0.0,0.0,0.0,0.0,0.0,0.0,0.0],[0.0,0.0,0.0,0.0,0.0,0.0,0.0,0.0,0.0,0.0,0.0,0.0,0.36,1.0,1.0,0.16,0.95,0.89,0.99,0.81,0.0,0.0,0.0,0.0,0.0,0.0,0.0,0.0,0.0,0.0,0.0,0.0,0.0,0.0,0.0,0.0,0.0,0.0,0.0,0.0,0.0,0.0,0.0,0.0,0.0,0.0,0.0,0.0,0.0,0.0,0.0,0.0,0.0,0.0,0.0,0.0,0.0,0.0,0.0,0.0,0.0,0.0,0.0,0.0],[0.0,0.0,0.0,0.0,0.0,0.0,0.0,0.0,0.0,0.0,0.0,0.0,0.0,0.0,0.16,1.0,0.99,0.51,0.0,0.0,0.0,0.0,0.0,0.0,0.0,0.0,0.0,0.0,0.0,0.0,0.0,0.0,0.0,0.0,0.0,0.0,0.0,0.0,0.0,0.0,0.0,0.0,0.0,0.0,0.0,0.0,0.0,0.0,0.0,0.0,0.0,0.0,0.0,0.0,0.0,0.0,0.0,0.0,0.0,0.0,0.0,0.0,0.0,0.0],[0.0,0.0,0.0,0.0,0.0,0.0,0.0,0.0,0.0,0.0,0.0,0.0,0.0,0.01,0.95,0.99,1.0,0.99,0.73,0.0,0.0,0.0,0.0,0.0,0.0,0.0,0.0,0.0,0.0,0.0,0.0,0.0,0.0,0.0,0.0,0.0,0.0,0.0,0.0,0.0,0.0,0.0,0.0,0.0,0.0,0.0,0.0,0.0,0.0,0.0,0.0,0.0,0.0,0.0,0.0,0.0,0.0,0.0,0.0,0.0,0.0,0.0,0.0,0.0],[0.0,0.0,0.0,0.0,0.0,0.0,0.0,0.0,0.0,0.0,0.0,0.0,0.0,0.01,0.89,0.51,0.99,1.0,0.99,0.12,0.0,0.0,0.0,0.0,0.0,0.0,0.0,0.0,0.0,0.0,0.0,0.0,0.0,0.0,0.0,0.0,0.0,0.0,0.0,0.0,0.0,0.0,0.0,0.0,0.0,0.0,0.0,0.0,0.0,0.0,0.0,0.0,0.0,0.0,0.0,0.0,0.0,0.0,0.0,0.0,0.0,0.0,0.0,0.0],[0.0,0.0,0.0,0.0,0.0,0.0,0.0,0.0,0.0,0.0,0.0,0.0,0.06,0.99,0.99,0.0,0.73,0.99,1.0,1.0,0.07,0.0,0.0,0.0,0.0,0.0,0.0,0.0,0.0,0.0,0.0,0.0,0.0,0.0,0.0,0.0,0.0,0.0,0.0,0.0,0.0,0.0,0.0,0.0,0.0,0.0,0.0,0.0,0.0,0.0,0.0,0.0,0.0,0.0,0.0,0.0,0.0,0.0,0.0,0.0,0.0,0.0,0.0,0.0],[0.0,0.0,0.0,0.0,0.0,0.0,0.0,0.0,0.0,0.0,0.0,0.06,0.99,1.0,0.81,0.0,0.0,0.12,1.0,1.0,1.0,0.22,0.0,0.0,0.0,0.0,0.0,0.0,0.0,0.0,0.0,0.0,0.0,0.0,0.0,0.0,0.0,0.0,0.0,0.0,0.0,0.0,0.0,0.0,0.0,0.0,0.0,0.0,0.0,0.0,0.0,0.0,0.0,0.0,0.0,0.0,0.0,0.0,0.0,0.0,0.0,0.0,0.0,0.0],[0.0,0.0,0.0,0.0,0.0,0.0,0.0,0.0,0.0,0.0,0.08,1.0,1.0,0.88,0.0,0.0,0.0,0.0,0.07,1.0,1.0,1.0,0.22,0.0,0.0,0.0,0.0,0.0,0.0,0.0,0.0,0.0,0.0,0.0,0.0,0.0,0.0,0.0,0.0,0.0,0.0,0.0,0.0,0.0,0.0,0.0,0.0,0.0,0.0,0.0,0.0,0.0,0.0,0.0,0.0,0.0,0.0,0.0,0.0,0.0,0.0,0.0,0.0,0.0],[0.0,0.0,0.0,0.0,0.0,0.0,0.0,0.01,0.0,0.09,0.99,1.0,0.87,0.0,0.0,0.0,0.0,0.0,0.0,0.22,1.0,1.0,1.0,0.03,0.04,0.18,0.02,0.0,0.0,0.0,0.0,0.0,0.0,0.0,0.0,0.0,0.0,0.0,0.0,0.0,0.0,0.0,0.0,0.0,0.0,0.0,0.0,0.0,0.01,0.0,0.0,0.0,0.0,0.0,0.0,0.0,0.0,0.0,0.0,0.0,0.0,0.0,0.0,0.0],[0.0,0.0,0.0,0.0,0.0,0.0,0.0,0.8,0.01,0.99,0.99,0.7,0.0,0.0,0.0,0.0,0.0,0.0,0.0,0.0,0.22,1.0,1.0,0.76,0.21,0.34,0.63,0.77,0.0,0.0,0.0,0.0,0.0,0.0,0.0,0.0,0.0,0.0,0.06,0.06,0.06,0.07,0.17,0.38,0.2,0.25,0.56,0.48,0.47,0.39,0.74,0.74,0.78,0.57,0.5,0.2,0.12,0.12,0.15,0.09,0.09,0.24,0.07,0.07],[0.0,0.0,0.0,0.0,0.01,0.01,0.03,0.2,0.01,0.1,0.04,0.0,0.0,0.0,0.0,0.0,0.0,0.0,0.0,0.0,0.0,0.03,0.76,1.0,0.44,0.03,0.23,0.66,0.18,0.0,0.0,0.0,0.0,0.0,0.0,0.0,0.0,0.0,0.11,0.14,0.23,0.37,0.79,0.83,0.53,0.48,0.69,0.57,0.53,0.45,0.86,0.92,0.93,0.93,0.91,0.87,0.82,0.79,0.83,0.8,0.79,0.88,0.24,0.14],[0.0,0.0,0.0,0.0,0.0,0.0,0.0,0.01,0.0,0.04,0.07,0.01,0.0,0.0,0.0,0.0,0.0,0.0,0.0,0.0,0.0,0.04,0.21,0.44,1.0,0.67,0.74,0.52,0.01,0.0,0.0,0.0,0.0,0.0,0.0,0.0,0.0,0.0,0.04,0.05,0.04,0.04,0.05,0.05,0.04,0.04,0.05,0.05,0.06,0.07,0.07,0.07,0.12,0.16,0.28,0.34,0.41,0.44,0.46,0.26,0.15,0.11,0.05,0.05],[0.0,0.0,0.0,0.0,0.0,0.0,0.0,0.0,0.0,0.02,0.88,0.77,0.01,0.0,0.0,0.0,0.0,0.0,0.0,0.0,0.0,0.18,0.34,0.03,0.67,1.0,0.98,0.08,0.0,0.0,0.0,0.0,0.0,0.0,0.0,0.0,0.0,0.0,0.0,0.0,0.0,0.0,0.0,0.0,0.0,0.0,0.0,0.0,0.0,0.01,0.0,0.0,0.0,0.0,0.0,0.0,0.0,0.01,0.01,0.0,0.0,0.0,0.0,0.0],[0.0,0.0,0.0,0.0,0.0,0.0,0.0,0.01,0.01,0.5,0.93,0.18,0.0,0.0,0.0,0.0,0.0,0.0,0.0,0.0,0.0,0.02,0.63,0.23,0.74,0.98,1.0,0.97,0.0,0.0,0.0,0.0,0.0,0.0,0.0,0.0,0.0,0.0,0.07,0.09,0.09,0.07,0.05,0.05,0.05,0.04,0.06,0.04,0.04,0.04,0.05,0.06,0.08,0.17,0.35,0.5,0.47,0.45,0.46,0.45,0.27,0.13,0.09,0.1],[0.0,0.0,0.0,0.0,0.0,0.0,0.01,0.99,0.1,0.97,0.79,0.0,0.0,0.0,0.0,0.0,0.0,0.0,0.0,0.0,0.0,0.0,0.77,0.66,0.52,0.08,0.97,1.0,0.68,0.02,0.0,0.0,0.0,0.0,0.0,0.0,0.0,0.0,0.79,0.83,0.92,0.95,0.97,0.97,0.92,0.72,0.67,0.31,0.23,0.23,0.85,0.96,0.96,0.96,0.93,0.92,0.89,0.87,0.86,0.92,0.95,0.96,0.92,0.83],[0.0,0.0,0.0,0.0,0.01,0.09,0.99,0.24,0.12,0.01,0.0,0.0,0.0,0.0,0.0,0.0,0.0,0.0,0.0,0.0,0.0,0.0,0.0,0.18,0.01,0.0,0.0,0.68,1.0,0.78,0.6,0.01,0.76,0.01,0.0,0.0,0.0,0.0,0.91,0.91,0.96,0.97,0.98,0.98,0.95,0.89,0.82,0.4,0.23,0.25,0.88,0.97,0.96,0.98,0.95,0.95,0.86,0.77,0.72,0.94,0.98,0.98,0.96,0.92],[0.0,0.0,0.0,0.0,0.0,0.01,0.5,0.15,0.91,0.02,0.0,0.0,0.0,0.0,0.0,0.0,0.0,0.0,0.0,0.0,0.0,0.0,0.0,0.0,0.0,0.0,0.0,0.02,0.78,1.0,0.95,0.01,0.55,0.0,0.0,0.0,0.0,0.0,0.87,0.83,0.82,0.78,0.5,0.33,0.52,0.3,0.08,0.05,0.03,0.04,0.06,0.08,0.06,0.08,0.06,0.09,0.1,0.1,0.09,0.15,0.22,0.21,0.81,0.84],[0.0,0.0,0.0,0.0,0.0,0.02,0.63,0.01,0.37,0.0,0.0,0.0,0.0,0.0,0.0,0.0,0.0,0.0,0.0,0.0,0.0,0.0,0.0,0.0,0.0,0.0,0.0,0.0,0.6,0.95,1.0,0.05,0.97,0.1,0.0,0.0,0.0,0.0,0.52,0.44,0.27,0.12,0.04,0.02,0.05,0.03,0.01,0.01,0.01,0.01,0.01,0.01,0.01,0.02,0.01,0.02,0.03,0.03,0.04,0.04,0.03,0.03,0.24,0.4],[0.0,0.0,0.0,0.0,0.0,0.0,0.01,0.0,0.0,0.0,0.0,0.0,0.0,0.0,0.0,0.0,0.0,0.0,0.0,0.0,0.0,0.0,0.0,0.0,0.0,0.0,0.0,0.0,0.01,0.01,0.05,1.0,0.02,0.01,0.0,0.0,0.0,0.0,0.0,0.0,0.0,0.0,0.0,0.0,0.0,0.0,0.0,0.0,0.0,0.0,0.0,0.0,0.0,0.0,0.0,0.0,0.0,0.0,0.0,0.0,0.0,0.0,0.0,0.0],[0.0,0.0,0.0,0.0,0.02,0.99,0.97,0.0,0.0,0.0,0.0,0.0,0.0,0.0,0.0,0.0,0.0,0.0,0.0,0.0,0.0,0.0,0.0,0.0,0.0,0.0,0.0,0.0,0.76,0.55,0.97,0.02,1.0,1.0,0.04,0.0,0.0,0.0,0.07,0.09,0.06,0.02,0.01,0.01,0.03,0.02,0.01,0.01,0.02,0.01,0.01,0.01,0.01,0.01,0.01,0.02,0.02,0.02,0.03,0.02,0.02,0.01,0.06,0.08],[0.0,0.0,0.0,0.02,0.99,0.99,0.72,0.0,0.0,0.0,0.0,0.0,0.0,0.0,0.0,0.0,0.0,0.0,0.0,0.0,0.0,0.0,0.0,0.0,0.0,0.0,0.0,0.0,0.01,0.0,0.1,0.01,1.0,1.0,1.0,0.02,0.0,0.0,0.0,0.0,0.0,0.0,0.0,0.0,0.0,0.0,0.0,0.0,0.0,0.0,0.0,0.0,0.0,0.0,0.0,0.0,0.0,0.0,0.0,0.0,0.0,0.0,0.0,0.0],[0.0,0.0,0.02,0.99,0.99,0.88,0.0,0.0,0.0,0.0,0.0,0.0,0.0,0.0,0.0,0.0,0.0,0.0,0.0,0.0,0.0,0.0,0.0,0.0,0.0,0.0,0.0,0.0,0.0,0.0,0.0,0.0,0.04,1.0,1.0,1.0,0.03,0.0,0.0,0.0,0.0,0.0,0.0,0.0,0.0,0.0,0.0,0.0,0.0,0.0,0.0,0.0,0.0,0.0,0.0,0.0,0.0,0.0,0.0,0.0,0.0,0.0,0.0,0.0],[0.0,0.03,0.99,1.0,0.91,0.0,0.0,0.0,0.0,0.0,0.0,0.0,0.0,0.0,0.0,0.0,0.0,0.0,0.0,0.0,0.0,0.0,0.0,0.0,0.0,0.0,0.0,0.0,0.0,0.0,0.0,0.0,0.0,0.02,1.0,1.0,1.0,0.03,0.0,0.0,0.0,0.0,0.0,0.0,0.0,0.0,0.0,0.0,0.0,0.0,0.0,0.0,0.0,0.0,0.0,0.0,0.0,0.0,0.0,0.0,0.0,0.0,0.0,0.0],[0.06,0.99,0.99,0.86,0.0,0.0,0.0,0.0,0.0,0.0,0.0,0.0,0.0,0.0,0.0,0.0,0.0,0.0,0.0,0.0,0.0,0.0,0.0,0.0,0.0,0.0,0.0,0.0,0.0,0.0,0.0,0.0,0.0,0.0,0.03,1.0,1.0,0.99,0.0,0.0,0.0,0.0,0.0,0.0,0.0,0.0,0.0,0.0,0.0,0.0,0.0,0.0,0.0,0.0,0.0,0.0,0.0,0.0,0.0,0.0,0.0,0.0,0.0,0.0],[0.98,0.96,0.74,0.0,0.0,0.0,0.0,0.0,0.0,0.0,0.0,0.0,0.0,0.0,0.0,0.0,0.0,0.0,0.0,0.0,0.0,0.0,0.0,0.0,0.0,0.0,0.0,0.0,0.0,0.0,0.0,0.0,0.0,0.0,0.0,0.03,0.99,1.0,0.0,0.0,0.0,0.0,0.0,0.0,0.0,0.0,0.0,0.0,0.0,0.0,0.0,0.0,0.0,0.0,0.0,0.0,0.0,0.0,0.0,0.0,0.0,0.0,0.0,0.0],[0.0,0.0,0.0,0.0,0.0,0.02,0.51,0.84,0.79,0.49,0.01,0.0,0.0,0.0,0.0,0.0,0.0,0.0,0.0,0.0,0.0,0.0,0.06,0.11,0.04,0.0,0.07,0.79,0.91,0.87,0.52,0.0,0.07,0.0,0.0,0.0,0.0,0.0,1.0,1.0,1.0,1.0,1.0,1.0,1.0,1.0,0.92,0.02,0.03,0.02,0.94,1.0,1.0,1.0,0.94,0.94,0.02,0.03,0.03,1.0,1.0,1.0,1.0,1.0],[0.0,0.0,0.0,0.0,0.0,0.02,0.55,0.89,0.75,0.59,0.02,0.0,0.0,0.0,0.0,0.0,0.0,0.0,0.0,0.0,0.0,0.0,0.06,0.14,0.05,0.0,0.09,0.83,0.91,0.83,0.44,0.0,0.09,0.0,0.0,0.0,0.0,0.0,1.0,1.0,1.0,1.0,1.0,1.0,1.0,1.0,0.98,0.28,0.09,0.12,0.99,1.0,1.0,1.0,1.0,0.98,0.16,0.09,0.08,1.0,1.0,1.0,1.0,1.0],[0.0,0.0,0.0,0.0,0.0,0.03,0.7,0.95,0.64,0.76,0.01,0.0,0.0,0.0,0.0,0.0,0.0,0.0,0.0,0.0,0.0,0.0,0.06,0.23,0.04,0.0,0.09,0.92,0.96,0.82,0.27,0.0,0.06,0.0,0.0,0.0,0.0,0.0,1.0,1.0,1.0,1.0,1.0,1.0,1.0,1.0,1.0,0.91,0.47,0.55,1.0,1.0,1.0,1.0,1.0,1.0,0.94,0.5,0.43,1.0,1.0,1.0,1.0,1.0],[0.0,0.0,0.0,0.0,0.0,0.02,0.87,0.97,0.57,0.89,0.0,0.0,0.0,0.0,0.0,0.0,0.0,0.0,0.0,0.0,0.0,0.0,0.07,0.37,0.04,0.0,0.07,0.95,0.97,0.78,0.12,0.0,0.02,0.0,0.0,0.0,0.0,0.0,1.0,1.0,1.0,1.0,1.0,1.0,1.0,1.0,1.0,1.0,0.98,0.95,1.0,1.0,1.0,1.0,1.0,1.0,1.0,0.98,0.99,1.0,1.0,1.0,1.0,1.0],[0.0,0.0,0.0,0.0,0.0,0.02,0.94,0.98,0.31,0.93,0.0,0.0,0.0,0.0,0.0,0.0,0.0,0.0,0.0,0.0,0.0,0.0,0.17,0.79,0.05,0.0,0.05,0.97,0.98,0.5,0.04,0.0,0.01,0.0,0.0,0.0,0.0,0.0,1.0,1.0,1.0,1.0,1.0,1.0,1.0,1.0,1.0,1.0,1.0,1.0,1.0,1.0,1.0,1.0,1.0,1.0,1.0,1.0,1.0,1.0,1.0,1.0,1.0,1.0],[0.0,0.0,0.0,0.0,0.0,0.07,0.94,0.98,0.23,0.92,0.0,0.0,0.0,0.0,0.0,0.0,0.0,0.0,0.0,0.0,0.0,0.0,0.38,0.83,0.05,0.0,0.05,0.97,0.98,0.33,0.02,0.0,0.01,0.0,0.0,0.0,0.0,0.0,1.0,1.0,1.0,1.0,1.0,1.0,1.0,1.0,1.0,1.0,1.0,1.0,1.0,1.0,1.0,1.0,1.0,1.0,1.0,1.0,0.99,1.0,1.0,1.0,1.0,1.0],[0.0,0.0,0.0,0.0,0.0,0.16,0.93,0.97,0.38,0.89,0.0,0.0,0.0,0.0,0.0,0.0,0.0,0.0,0.0,0.0,0.0,0.0,0.2,0.53,0.04,0.0,0.05,0.92,0.95,0.52,0.05,0.0,0.03,0.0,0.0,0.0,0.0,0.0,1.0,1.0,1.0,1.0,1.0,1.0,1.0,1.0,1.0,1.0,1.0,1.0,1.0,1.0,1.0,1.0,1.0,1.0,0.9,0.06,0.09,1.0,1.0,1.0,1.0,1.0],[0.0,0.0,0.0,0.0,0.01,0.39,0.91,0.96,0.26,0.76,0.0,0.0,0.0,0.0,0.0,0.0,0.0,0.0,0.0,0.0,0.0,0.0,0.25,0.48,0.04,0.0,0.04,0.72,0.89,0.3,0.03,0.0,0.02,0.0,0.0,0.0,0.0,0.0,1.0,1.0,1.0,1.0,1.0,1.0,1.0,1.0,1.0,1.0,1.0,1.0,1.0,1.0,1.0,1.0,1.0,1.0,0.01,0.03,0.02,1.0,1.0,1.0,1.0,1.0],[0.0,0.0,0.0,0.0,0.01,0.49,0.91,0.97,0.07,0.6,0.0,0.0,0.0,0.0,0.0,0.0,0.0,0.0,0.0,0.0,0.0,0.0,0.56,0.69,0.05,0.0,0.06,0.67,0.82,0.08,0.01,0.0,0.01,0.0,0.0,0.0,0.0,0.0,0.92,0.98,1.0,1.0,1.0,1.0,1.0,1.0,1.0,1.0,1.0,1.0,1.0,1.0,1.0,1.0,1.0,1.0,0.04,0.1,0.06,1.0,1.0,1.0,1.0,0.98],[0.0,0.0,0.0,0.0,0.02,0.57,0.88,0.93,0.04,0.24,0.0,0.0,0.0,0.0,0.0,0.0,0.0,0.0,0.0,0.0,0.0,0.0,0.48,0.57,0.05,0.0,0.04,0.31,0.4,0.05,0.01,0.0,0.01,0.0,0.0,0.0,0.0,0.0,0.02,0.28,0.91,1.0,1.0,1.0,1.0,1.0,1.0,1.0,1.0,1.0,1.0,1.0,1.0,1.0,1.0,0.04,0.01,0.02,0.01,0.01,0.87,1.0,0.92,0.15],[0.0,0.0,0.0,0.0,0.05,0.51,0.88,0.92,0.03,0.15,0.0,0.0,0.0,0.0,0.0,0.0,0.0,0.0,0.0,0.0,0.0,0.01,0.47,0.53,0.06,0.0,0.04,0.23,0.23,0.03,0.01,0.0,0.02,0.0,0.0,0.0,0.0,0.0,0.03,0.09,0.47,0.98,1.0,1.0,1.0,1.0,1.0,1.0,1.0,1.0,1.0,1.0,1.0,0.98,0.75,0.06,0.01,0.03,0.02,0.01,0.09,0.99,0.37,0.07],[0.0,0.0,0.0,0.0,0.06,0.5,0.82,0.89,0.04,0.16,0.01,0.0,0.0,0.0,0.0,0.0,0.0,0.0,0.0,0.0,0.0,0.0,0.39,0.45,0.07,0.01,0.04,0.23,0.25,0.04,0.01,0.0,0.01,0.0,0.0,0.0,0.0,0.0,0.02,0.12,0.55,0.95,1.0,1.0,1.0,1.0,1.0,1.0,1.0,1.0,1.0,1.0,1.0,1.0,0.55,0.1,0.02,0.02,0.03,0.03,0.07,1.0,0.43,0.08],[0.0,0.0,0.0,0.0,0.01,0.32,0.91,0.97,0.05,0.55,0.0,0.0,0.0,0.0,0.0,0.0,0.0,0.0,0.0,0.0,0.0,0.0,0.74,0.86,0.07,0.0,0.05,0.85,0.88,0.06,0.01,0.0,0.01,0.0,0.0,0.0,0.0,0.0,0.94,0.99,1.0,1.0,1.0,1.0,1.0,1.0,1.0,1.0,1.0,1.0,1.0,1.0,1.0,1.0,1.0,1.0,1.0,0.52,0.75,1.0,1.0,1.0,1.0,1.0],[0.0,0.0,0.0,0.0,0.0,0.12,0.94,0.98,0.07,0.81,0.0,0.0,0.0,0.0,0.0,0.0,0.0,0.0,0.0,0.0,0.0,0.0,0.74,0.92,0.07,0.0,0.06,0.96,0.97,0.08,0.01,0.0,0.01,0.0,0.0,0.0,0.0,0.0,1.0,1.0,1.0,1.0,1.0,1.0,1.0,1.0,1.0,1.0,1.0,1.0,1.0,1.0,1.0,1.0,1.0,1.0,1.0,1.0,0.99,1.0,1.0,1.0,1.0,1.0],[0.0,0.0,0.0,0.0,0.01,0.08,0.92,0.97,0.05,0.6,0.0,0.0,0.0,0.0,0.0,0.0,0.0,0.0,0.0,0.0,0.0,0.0,0.78,0.93,0.12,0.0,0.08,0.96,0.96,0.06,0.01,0.0,0.01,0.0,0.0,0.0,0.0,0.0,1.0,1.0,1.0,1.0,1.0,1.0,1.0,1.0,1.0,1.0,1.0,1.0,1.0,1.0,1.0,1.0,1.0,1.0,1.0,1.0,1.0,1.0,1.0,1.0,1.0,1.0],[0.0,0.0,0.0,0.0,0.01,0.06,0.89,0.97,0.07,0.59,0.0,0.0,0.0,0.0,0.0,0.0,0.0,0.0,0.0,0.0,0.0,0.0,0.57,0.93,0.16,0.0,0.17,0.96,0.98,0.08,0.02,0.0,0.01,0.0,0.0,0.0,0.0,0.0,1.0,1.0,1.0,1.0,1.0,1.0,1.0,1.0,1.0,1.0,0.98,1.0,1.0,1.0,1.0,1.0,1.0,1.0,1.0,1.0,1.0,1.0,1.0,1.0,1.0,1.0],[0.0,0.0,0.0,0.0,0.01,0.06,0.51,0.85,0.05,0.22,0.0,0.0,0.0,0.0,0.0,0.0,0.0,0.0,0.0,0.0,0.0,0.0,0.5,0.91,0.28,0.0,0.35,0.93,0.95,0.06,0.01,0.0,0.01,0.0,0.0,0.0,0.0,0.0,0.94,1.0,1.0,1.0,1.0,1.0,1.0,1.0,1.0,1.0,0.75,0.55,1.0,1.0,1.0,1.0,1.0,1.0,1.0,1.0,1.0,1.0,1.0,1.0,1.0,0.99],[0.0,0.0,0.0,0.0,0.01,0.05,0.37,0.64,0.06,0.15,0.0,0.0,0.0,0.0,0.0,0.0,0.0,0.0,0.0,0.0,0.0,0.0,0.2,0.87,0.34,0.0,0.5,0.92,0.95,0.09,0.02,0.0,0.02,0.0,0.0,0.0,0.0,0.0,0.94,0.98,1.0,1.0,1.0,1.0,1.0,1.0,1.0,0.04,0.06,0.1,1.0,1.0,1.0,1.0,1.0,1.0,1.0,1.0,1.0,1.0,1.0,1.0,1.0,0.98],[0.0,0.0,0.0,0.0,0.02,0.06,0.26,0.28,0.05,0.06,0.0,0.0,0.0,0.0,0.0,0.0,0.0,0.0,0.0,0.0,0.0,0.0,0.12,0.82,0.41,0.0,0.47,0.89,0.86,0.1,0.03,0.0,0.02,0.0,0.0,0.0,0.0,0.0,0.02,0.16,0.94,1.0,1.0,1.0,0.9,0.01,0.04,0.01,0.01,0.02,1.0,1.0,1.0,1.0,1.0,1.0,1.0,1.0,1.0,1.0,1.0,1.0,0.93,0.32],[0.0,0.0,0.0,0.0,0.02,0.06,0.24,0.22,0.05,0.05,0.0,0.0,0.0,0.0,0.0,0.0,0.0,0.0,0.0,0.0,0.0,0.0,0.12,0.79,0.44,0.01,0.45,0.87,0.77,0.1,0.03,0.0,0.02,0.0,0.0,0.0,0.0,0.0,0.03,0.09,0.5,0.98,1.0,1.0,0.06,0.03,0.1,0.02,0.03,0.02,0.52,1.0,1.0,1.0,1.0,1.0,1.0,1.0,1.0,1.0,1.0,1.0,0.64,0.13],[0.0,0.0,0.0,0.0,0.02,0.06,0.25,0.24,0.05,0.05,0.0,0.0,0.0,0.0,0.0,0.0,0.0,0.0,0.0,0.0,0.0,0.0,0.15,0.83,0.46,0.01,0.46,0.86,0.72,0.09,0.04,0.0,0.03,0.0,0.0,0.0,0.0,0.0,0.03,0.08,0.43,0.99,1.0,0.99,0.09,0.02,0.06,0.01,0.02,0.03,0.75,0.99,1.0,1.0,1.0,1.0,1.0,1.0,1.0,1.0,1.0,1.0,0.55,0.09],[0.0,0.0,0.0,0.0,0.01,0.03,0.32,0.71,0.1,0.21,0.0,0.0,0.0,0.0,0.0,0.0,0.0,0.0,0.0,0.0,0.0,0.0,0.09,0.8,0.26,0.0,0.45,0.92,0.94,0.15,0.04,0.0,0.02,0.0,0.0,0.0,0.0,0.0,1.0,1.0,1.0,1.0,1.0,1.0,1.0,1.0,1.0,0.01,0.01,0.03,1.0,1.0,1.0,1.0,1.0,1.0,1.0,1.0,1.0,1.0,1.0,1.0,1.0,1.0],[0.0,0.0,0.0,0.0,0.0,0.03,0.58,0.94,0.16,0.54,0.0,0.0,0.0,0.0,0.0,0.0,0.0,0.0,0.0,0.0,0.0,0.0,0.09,0.79,0.15,0.0,0.27,0.95,0.98,0.22,0.03,0.0,0.02,0.0,0.0,0.0,0.0,0.0,1.0,1.0,1.0,1.0,1.0,1.0,1.0,1.0,1.0,0.87,0.09,0.07,1.0,1.0,1.0,1.0,1.0,1.0,1.0,1.0,1.0,1.0,1.0,1.0,1.0,1.0],[0.0,0.0,0.0,0.0,0.0,0.03,0.91,0.98,0.15,0.8,0.0,0.0,0.0,0.0,0.0,0.0,0.0,0.0,0.0,0.0,0.0,0.0,0.24,0.88,0.11,0.0,0.13,0.96,0.98,0.21,0.03,0.0,0.01,0.0,0.0,0.0,0.0,0.0,1.0,1.0,1.0,1.0,1.0,1.0,1.0,1.0,1.0,1.0,0.99,1.0,1.0,1.0,1.0,1.0,1.0,1.0,1.0,1.0,1.0,1.0,1.0,1.0,1.0,1.0],[0.0,0.0,0.0,0.0,0.0,0.02,0.73,0.96,0.62,0.74,0.01,0.0,0.0,0.0,0.0,0.0,0.0,0.0,0.0,0.0,0.0,0.0,0.07,0.24,0.05,0.0,0.09,0.92,0.96,0.81,0.24,0.0,0.06,0.0,0.0,0.0,0.0,0.0,1.0,1.0,1.0,1.0,1.0,1.0,1.0,1.0,1.0,0.92,0.37,0.43,1.0,1.0,1.0,1.0,1.0,1.0,0.93,0.64,0.55,1.0,1.0,1.0,1.0,1.0],[0.0,0.0,0.0,0.0,0.0,0.02,0.54,0.88,0.73,0.56,0.02,0.0,0.0,0.0,0.0,0.0,0.0,0.0,0.0,0.0,0.0,0.0,0.07,0.14,0.05,0.0,0.1,0.83,0.92,0.84,0.4,0.0,0.08,0.0,0.0,0.0,0.0,0.0,1.0,1.0,1.0,1.0,1.0,1.0,1.0,1.0,0.98,0.15,0.07,0.08,1.0,1.0,1.0,1.0,0.99,0.98,0.32,0.13,0.09,1.0,1.0,1.0,1.0,1.0]],
