{
  "atom_chain_ids": ["A","A","A","A","A","A","A","A","A","A","A","A","A","A","A","A","A","A","A","A","A","A","A","A","A","A","A","A","A","A","A","A","A","A","A","A","A","A","A","A","A","A","A","A","A","A","A","A","A","A","A","A","A","A","A","A","A","A","A","A","A","A","A","A","A","A","A","A","A","A","A","A","A","A","A","A","A","A","A","A","A","A","A","A","A","A","A","A","A","A","A","A","A","A","A","A","A","A","A","A","A","A","A","A","A","A","A","A","A","A","A","A","A","A","A","A","A","A","A","A","A","A","A","A","A","A","A","A","A","A","A","A","A","A","A","A","A","A","A","A","A","A","A","A","A","A","A","A","A","A","A","A","A","A","A","A","A","A","A","A","A","A","A","A","A","A","A","A","A","A","A","A","A","A","A","A","A","A","A","A","A","A","A","A","A","A","A","A","A","A","A","A","A","A","A","A","A","A","A","A","A","A","A","A","A","A","A","A","A","A","A","A","A","A","A","A","A","A","A","A","A","A","A","A","A","A","A","A","A","A","A","A","A","A","A","A","A","A","A","A","A","A","A","A","A","A","A","A","A","A","A","A","A","A","A","A","A","A","A","A","A","A","A","A","A","A","A","A","A","A","A","A","A","A","A","A","A","A","A","A","A","A","A","A","A","A","A","A","A","A","A","A","A","A","A","A","A","A","A","A","A","A","A","A","A","A","A","A","A","A","A","A","A","A","A","A","A","A","A","A","A","A","A","A","A","A","A","A","A","A","A","A","A","A","A","A","A","A","A","A","A","A","A","A","A","A","A","A","A","A","A","A","A","A","A","A","A","A","A","A","A","A","A","A","A","A","A","A","A","A","A","A","A","A","A","A","A","A","A","A","A","A","A","A","A","A","A","A","A","A","A","A","A","A","A","A","A","A","A","A","A","A","A","A","A","A","A","A","A","A","A","A","A","A","A","A","A","A","A","A","A","A","A","A","A","A","A","A","A","A","A","A","A","A","A","A","A","A","A","A","A","A","A","A","A","A","A","A","A","A","A","A","A","A","A","A","A","A","A","A","A","A","A","A","A","A","A","A","A","A","A","A","A","A","A","A","A","A","A","A","A","A","A","A","A","A","A","A","A","A","A","A","A","A","A","A","A","A","A","A","A","A","A","A","A","A","A","A","A","A","A","A","A","A","A","A","A","A","A","A","A","A","A","A","A","A","A","A","A","A","A","A","A","A","A","A","A","A","A","A","A","A","A","A","A","A","A","A","A","A","A","A","A","A","A","A","A","A","A","A","A","A","A","A","A","A","A","A","A","A","A","A","A","A","A","A","A","A","A","A","A","A","A","A","A","A","A","A","A","A","A","A","A","A","A","A","A","A","A","A","A","A","A","A","A","A","A","A","A","A","A","A","A","A","A","A","A","A","A","A","A","A","A","A","A","A","A","A","A","A","A","A","A","A","A","A","A","A","A","A","A","A","A","A","A","A","A","A","A","A","A","A","A","A","A","A","A","A","A","A","A","A","A","A","A","A","A","A","A","A","A","A","A","A","A","A","A","A","A","A","A","A","A","A","A","A","A","A","A","A","A","A","A","A","A","A","A","A","A","A","A","A","A","A","A","A","A","A","A","A","A","A","A","A","A","A","A","A","A","A","A","A","A","A","A","A","A","A","A","A","A","A","A","A","A","A","A","A","A","A","A","A","A","A","A","A","A","A","A","A","A","A","A","A","A","A","A","A","A","A","A","A","A","A","A","A","A","A","A","A","A","A","A","A","A","A","A","A","A","A","A","A","A","A","A","A","A","A","A","A","A","A","A","A","A","A","A","A","A","A","A","A","A","A","A","A","A","A","A","A","A","A","A","A","A","A","A","A","A","A","B","B","B","B","B","B","B","B","B","B","B","B","B","B","B","B","B","B","B","B","B","B","B","B","B","B"],
  "atom_plddts": [57.35,59.32,54.23,57.54,60.43,61.87,65.06,65.6,66.02,65.04,64.84,63.65,65.29,65.44,65.08,65.05,65.26,64.62,63.78,64.22,64.41,64.23,65.62,67.3,65.96,62.44,64.28,66.67,67.44,69.11,70.04,70.11,69.04,69.92,68.68,69.81,70.74,71.1,70.98,71.52,71.11,70.54,71.09,70.78,70.44,71.02,71.17,70.9,69.37,70.93,70.35,70.48,71.9,72.71,72.44,71.49,72.73,71.19,72.5,73.58,73.7,73.54,74.35,73.98,73.48,73.53,73.14,73.33,74.07,74.6,72.53,74.11,74.4,74.52,76.14,77.07,76.95,76.31,76.92,75.3,76.74,77.69,77.16,76.39,77.31,77.43,76.83,77.21,77.35,75.59,74.04,75.62,75.5,75.0,77.18,77.54,77.45,76.91,77.38,76.04,77.38,78.2,77.74,76.94,77.84,77.87,77.33,77.62,77.68,76.62,75.34,76.77,76.49,75.64,77.87,78.25,78.12,77.64,78.02,76.72,78.12,78.87,78.35,77.54,78.41,78.33,77.76,78.1,78.19,77.68,75.78,76.36,77.56,77.26,79.04,79.16,79.04,78.39,78.74,77.41,79.23,79.88,79.04,78.16,79.24,79.33,78.6,78.93,79.04,75.22,72.52,73.06,75.23,76.63,78.47,78.69,79.1,78.22,77.9,76.7,79.02,79.72,78.16,77.9,78.85,78.48,77.59,78.09,78.11,77.95,78.99,79.43,76.25,74.64,75.25,74.89,73.34,74.8,74.75,75.78,74.3,73.77,70.36,73.66,73.37,70.86,69.32,71.28,70.23,68.87,68.79,69.08,68.42,71.83,77.01,73.86,74.76,77.59,78.04,80.23,80.49,80.53,79.93,80.65,79.61,80.9,81.68,81.15,80.66,81.63,81.68,81.07,81.42,81.54,81.7,80.2,81.11,81.96,81.76,82.93,83.36,83.15,82.78,83.24,82.11,83.26,83.88,83.39,82.78,83.49,83.5,82.96,83.28,83.46,83.46,82.7,83.42,82.98,82.74,83.94,84.28,84.3,83.7,83.82,82.49,83.7,84.1,83.85,83.55,83.98,83.58,83.14,83.59,83.37,82.68,83.59,83.96,81.12,81.35,81.95,79.91,78.8,79.81,79.97,79.67,78.66,79.05,77.41,79.21,79.8,80.17,79.8,80.17,79.79,79.38,79.88,79.51,78.33,79.18,79.69,81.61,81.32,81.85,80.98,79.78,81.35,81.33,81.25,80.63,81.0,79.39,81.19,81.93,81.52,80.51,81.2,81.06,80.32,81.06,81.3,80.82,79.94,79.96,79.88,78.94,80.13,80.22,80.35,79.48,79.69,77.86,79.88,80.38,79.8,79.08,79.77,79.18,78.03,79.19,79.15,77.89,79.47,80.3,81.74,80.42,80.43,79.9,77.81,80.04,80.18,81.8,80.6,79.8,77.15,78.78,78.38,75.79,74.54,75.27,73.57,71.99,72.75,73.19,73.29,76.57,77.22,74.74,75.15,76.25,75.12,76.42,76.33,77.18,75.7,75.24,72.78,75.0,75.33,73.84,72.66,73.81,73.19,71.7,72.69,72.65,70.37,73.17,75.17,74.86,72.75,73.97,74.21,72.86,73.63,73.5,74.67,72.93,72.39,70.56,72.84,73.31,71.44,70.45,72.22,71.24,69.86,69.83,69.66,69.41,72.6,73.97,71.21,72.15,74.1,74.76,76.62,77.14,77.12,76.08,76.92,75.24,77.37,78.44,78.09,77.92,78.94,78.58,77.73,78.23,77.93,77.62,78.42,78.72,78.62,75.75,76.95,79.4,78.97,81.64,82.11,81.78,81.47,82.13,81.01,82.17,82.85,82.31,81.74,82.56,82.51,81.87,82.4,82.67,83.13,82.16,82.92,82.78,81.85,83.47,83.61,83.21,82.86,83.12,81.86,83.22,83.75,83.67,82.91,83.68,83.74,83.26,83.63,83.62,83.5,82.31,83.15,82.81,82.47,83.57,83.94,83.9,83.36,83.87,82.66,83.89,84.41,84.27,83.95,84.54,84.34,83.85,84.13,83.86,83.87,84.42,82.48,80.62,81.0,81.92,82.3,83.68,83.74,83.83,83.1,83.41,82.22,84.03,84.55,84.23,83.93,84.73,84.71,84.12,84.53,84.24,83.88,84.64,84.82,80.88,78.74,78.95,79.4,79.21,81.3,81.37,82.24,80.81,80.01,76.62,80.7,80.72,77.96,76.14,78.13,77.68,75.78,76.7,76.98,74.74,78.51,80.16,76.71,73.75,74.18,75.83,74.78,76.39,76.67,77.88,76.33,75.73,72.0,75.92,75.6,71.85,68.47,71.16,70.68,68.17,69.62,71.22,78.03,75.05,75.02,77.38,77.46,79.56,80.28,80.81,79.86,80.49,78.67,80.36,80.81,78.77,78.06,79.58,78.93,77.59,77.92,77.94,78.39,80.32,78.68,76.05,76.43,77.73,77.79,79.68,80.28,80.57,79.72,80.18,78.06,80.21,80.76,79.28,78.38,79.73,79.33,77.95,78.44,78.41,78.24,80.17,77.93,75.01,75.66,77.85,77.81,80.12,80.6,80.48,79.79,80.17,78.55,80.7,81.38,80.48,79.54,80.69,80.81,79.86,80.43,80.62,78.34,75.69,75.86,77.57,78.4,80.56,81.07,81.19,80.31,80.36,78.86,81.2,81.87,81.07,80.77,81.63,81.38,80.51,81.03,80.87,80.59,81.68,81.98,74.98,73.53,74.8,73.05,72.26,74.22,74.5,75.49,74.0,73.66,70.31,73.93,74.41,71.95,70.56,72.32,71.57,69.97,70.21,70.21,69.64,72.76,69.67,67.25,68.38,68.75,69.49,70.55,71.12,71.81,70.14,70.82,67.87,70.5,71.25,69.22,68.3,70.01,69.46,68.08,68.23,68.25,68.17,70.7,68.05,64.9,66.62,68.77,67.84,68.65,68.63,70.93,69.61,66.74,63.97,66.65,65.45,61.92,59.01,59.56,58.47,56.48,58.97,61.83,64.11,60.35,61.58,64.61,65.87,67.34,68.1,69.09,68.36,68.83,67.34,68.79,69.92,69.6,69.61,70.1,69.65,68.88,69.43,69.19,68.93,69.78,69.88,66.64,64.64,65.8,66.72,67.2,68.1,68.56,69.06,67.98,69.37,68.15,69.18,70.19,70.37,70.43,70.67,70.26,69.83,70.31,70.04,69.72,70.21,70.41,70.28,69.46,70.18,69.25,69.05,70.13,70.47,70.65,69.44,71.02,69.28,70.5,71.48,71.52,71.38,71.85,71.26,70.77,71.1,70.82,71.05,71.97,71.13,69.63,70.28,70.37,70.13,71.23,72.41,72.48,72.05,72.34,70.37,72.17,73.09,72.71,71.81,72.44,72.3,71.7,72.41,72.72,73.28,72.18,72.42,72.57,71.22,72.34,72.8,72.59,72.22,72.08,70.65,72.07,72.86,73.06,71.85,72.59,72.47,71.62,72.57,72.95,72.05,71.68,71.85,71.19,70.07,71.27,70.85,71.06,70.4,69.58,68.32,69.75,70.04,69.87,68.37,68.78,68.43,67.57,68.85,69.7,77.83,76.8,78.03,84.29,86.86,86.03,84.34,81.72,82.57,79.83,74.28,72.35,84.06,86.1,86.64,86.57,84.25,83.35,79.48,72.18,73.04,83.88,85.3,86.95,79.23,76.76],
  "contact_probs": [[1.0,0.99,0.13,0.0,0.0,0.0,0.0,0.0,0.0,0.0,0.0,0.0,0.0,0.0,0.0,0.0,0.0,0.0,0.0,0.0,0.0,0.0,0.0,0.0,0.0,0.0,0.0,0.0,0.0,0.0,0.0,0.0,0.0,0.0,0.0,0.0,0.06,0.98,0.0,0.0,0.0,0.0,0.0,0.0,0.0,0.0,0.0,0.0,0.0,0.0,0.0,0.0,0.0,0.0,0.0,0.0,0.0,0.0,0.0,0.0,0.0,0.0,0.0,0.0],[0.99,1.0,1.0,0.05,0.0,0.0,0.0,0.0,0.0,0.0,0.0,0.0,0.0,0.0,0.0,0.0,0.0,0.0,0.0,0.0,0.0,0.0,0.0,0.0,0.0,0.0,0.0,0.0,0.0,0.0,0.0,0.0,0.0,0.0,0.0,0.03,0.99,0.96,0.0,0.0,0.0,0.0,0.0,0.0,0.0,0.0,0.0,0.0,0.0,0.0,0.0,0.0,0.0,0.0,0.0,0.0,0.0,0.0,0.0,0.0,0.0,0.0,0.0,0.0],[0.13,1.0,1.0,1.0,0.03,0.0,0.0,0.0,0.0,0.0,0.0,0.0,0.0,0.0,0.0,0.0,0.0,0.0,0.0,0.0,0.0,0.0,0.0,0.0,0.0,0.0,0.0,0.0,0.0,0.0,0.0,0.0,0.0,0.0,0.02,0.99,0.99,0.74,0.0,0.0,0.0,0.0,0.0,0.0,0.0,0.0,0.0,0.0,0.0,0.0,0.0,0.0,0.0,0.0,0.0,0.0,0.0,0.0,0.0,0.0,0.0,0.0,0.0,0.0],[0.0,0.05,1.0,1.0,1.0,0.02,0.0,0.0,0.0,0.0,0.0,0.0,0.0,0.0,0.0,0.0,0.0,0.0,0.0,0.0,0.0,0.0,0.0,0.0,0.0,0.0,0.0,0.0,0.0,0.0,0.0,0.0,0.0,0.02,0.99,1.0,0.85,0.0,0.0,0.0,0.0,0.0,0.0,0.0,0.0,0.0,0.0,0.0,0.0,0.0,0.0,0.0,0.0,0.0,0.0,0.0,0.0,0.0,0.0,0.0,0.0,0.0,0.0,0.0],[0.0,0.0,0.03,1.0,1.0,1.0,0.42,0.0,0.0,0.0,0.0,0.0,0.0,0.0,0.0,0.0,0.0,0.0,0.0,0.0,0.0,0.0,0.0,0.01,0.0,0.0,0.0,0.0,0.01,0.0,0.0,0.0,0.02,0.99,0.99,0.91,0.0,0.0,0.0,0.01,0.0,0.0,0.0,0.0,0.0,0.01,0.01,0.02,0.06,0.05,0.01,0.0,0.01,0.01,0.01,0.01,0.02,0.02,0.02,0.01,0.0,0.0,0.0,0.01],[0.0,0.0,0.0,0.02,1.0,1.0,0.99,0.0,0.0,0.0,0.0,0.0,0.0,0.0,0.0,0.0,0.0,0.0,0.0,0.0,0.0,0.0,0.0,0.01,0.0,0.0,0.0,0.0,0.09,0.01,0.03,0.0,0.99,0.99,0.88,0.0,0.0,0.0,0.02,0.02,0.03,0.02,0.02,0.06,0.15,0.37,0.48,0.55,0.5,0.5,0.32,0.11,0.08,0.06,0.06,0.06,0.07,0.07,0.07,0.04,0.03,0.04,0.02,0.02],[0.0,0.0,0.0,0.0,0.42,0.99,1.0,0.78,0.06,0.0,0.0,0.0,0.0,0.0,0.0,0.0,0.0,0.0,0.0,0.0,0.0,0.0,0.0,0.03,0.0,0.0,0.0,0.01,0.99,0.5,0.63,0.01,0.97,0.72,0.0,0.0,0.0,0.0,0.49,0.54,0.68,0.86,0.93,0.93,0.91,0.9,0.89,0.86,0.81,0.87,0.91,0.94,0.92,0.89,0.51,0.39,0.27,0.25,0.26,0.33,0.58,0.91,0.72,0.53],[0.0,0.0,0.0,0.0,0.0,0.0,0.78,1.0,0.6,0.99,0.45,0.0,0.0,0.0,0.0,0.0,0.0,0.0,0.0,0.0,0.0,0.01,0.81,0.21,0.01,0.0,0.01,0.99,0.24,0.15,0.01,0.0,0.0,0.0,0.0,0.0,0.0,0.0,0.83,0.88,0.95,0.97,0.98,0.98,0.97,0.95,0.96,0.92,0.89,0.91,0.97,0.98,0.97,0.97,0.86,0.65,0.29,0.23,0.24,0.72,0.93,0.98,0.95,0.86],[0.0,0.0,0.0,0.0,0.0,0.0,0.06,0.6,1.0,0.21,0.0,0.0,0.0,0.0,0.0,0.0,0.0,0.0,0.0,0.0,0.0,0.0,0.01,0.01,0.0,0.0,0.01,0.11,0.12,0.91,0.35,0.0,0.0,0.0,0.0,0.0,0.0,0.0,0.77,0.74,0.64,0.56,0.32,0.24,0.38,0.26,0.08,0.05,0.05,0.04,0.05,0.08,0.05,0.08,0.05,0.07,0.05,0.05,0.06,0.11,0.17,0.17,0.61,0.71],[0.0,0.0,0.0,0.0,0.0,0.0,0.0,0.99,0.21,1.0,1.0,0.05,0.0,0.0,0.0,0.0,0.0,0.0,0.0,0.0,0.0,0.09,0.99,0.1,0.04,0.02,0.49,0.97,0.01,0.02,0.0,0.0,0.0,0.0,0.0,0.0,0.0,0.0,0.48,0.58,0.76,0.89,0.92,0.92,0.89,0.75,0.6,0.25,0.17,0.15,0.55,0.81,0.62,0.6,0.23,0.15,0.06,0.05,0.05,0.22,0.55,0.8,0.74,0.54],[0.0,0.0,0.0,0.0,0.0,0.0,0.0,0.45,0.0,1.0,1.0,1.0,0.23,0.0,0.0,0.0,0.0,0.0,0.0,0.0,0.08,0.99,0.99,0.04,0.07,0.88,0.92,0.79,0.0,0.0,0.0,0.0,0.0,0.0,0.0,0.0,0.0,0.0,0.02,0.02,0.01,0.0,0.0,0.0,0.0,0.0,0.0,0.0,0.01,0.01,0.0,0.0,0.0,0.0,0.0,0.0,0.0,0.0,0.0,0.0,0.0,0.0,0.01,0.02],[0.0,0.0,0.0,0.0,0.0,0.0,0.0,0.0,0.0,0.05,1.0,1.0,1.0,0.14,0.0,0.0,0.0,0.0,0.0,0.06,1.0,1.0,0.69,0.0,0.01,0.77,0.17,0.0,0.0,0.0,0.0,0.0,0.0,0.0,0.0,0.0,0.0,0.0,0.0,0.0,0.0,0.0,0.0,0.0,0.0,0.0,0.0,0.0,0.0,0.0,0.0,0.0,0.0,0.0,0.0,0.0,0.0,0.0,0.0,0.0,0.0,0.0,0.0,0.0],[0.0,0.0,0.0,0.0,0.0,0.0,0.0,0.0,0.0,0.0,0.23,1.0,1.0,1.0,0.35,0.0,0.0,0.0,0.06,0.99,1.0,0.87,0.0,0.0,0.0,0.01,0.0,0.0,0.0,0.0,0.0,0.0,0.0,0.0,0.0,0.0,0.0,0.0,0.0,0.0,0.0,0.0,0.0,0.0,0.0,0.0,0.0,0.0,0.0,0.0,0.0,0.0,0.0,0.0,0.0,0.0,0.0,0.0,0.0,0.0,0.0,0.0,0.0,0.0],[0.0,0.0,0.0,0.0,0.0,0.0,0.0,0.0,0.0,0.0,0.0,0.14,1.0,1.0,1.0,0.0,0.01,0.01,0.99,1.0,0.88,0.0,0.0,0.0,0.0,0.0,0.0,0.0,0.0,0.0,0.0,0.0,0.0,0.0,0.0,0.0,0.0,0.0,0.0,0.0,0.0,0.0,0.0,0.0,0.0,0.0,0.0,0.0,0.0,0.0,0.0,0.0,0.0,0.0,0.0,0.0,0.0,0.0,0.0,0.0,0.0,0.0,0.0,0.0],[0.0,0.0,0.0,0.0,0.0,0.0,0.0,0.0,0.0,0.0,0.0,0.0,0.35,1.0,1.0,0.16,0.96,0.89,0.99,0.81,0.0,0.0,0.0,0.0,0.0,0.0,0.0,0.0,0.0,0.0,0.0,0.0,0.0,0.0,0.0,0.0,0.0,0.0,0.0,0.0,0.0,0.0,0.0,0.0,0.0,0.0,0.0,0.0,0.0,0.0,0.0,0.0,0.0,0.0,0.0,0.0,0.0,0.0,0.0,0.0,0.0,0.0,0.0,0.0],[0.0,0.0,0.0,0.0,0.0,0.0,0.0,0.0,0.0,0.0,0.0,0.0,0.0,0.0,0.16,1.0,0.99,0.49,0.0,0.0,0.0,0.0,0.0,0.0,0.0,0.0,0.0,0.0,0.0,0.0,0.0,0.0,0.0,0.0,0.0,0.0,0.0,0.0,0.0,0.0,0.0,0.0,0.0,0.0,0.0,0.0,0.0,0.0,0.0,0.0,0.0,0.0,0.0,0.0,0.0,0.0,0.0,0.0,0.0,0.0,0.0,0.0,0.0,0.0],[0.0,0.0,0.0,0.0,0.0,0.0,0.0,0.0,0.0,0.0,0.0,0.0,0.0,0.01,0.96,0.99,1.0,0.99,0.72,0.0,0.0,0.0,0.0,0.0,0.0,0.0,0.0,0.0,0.0,0.0,0.0,0.0,0.0,0.0,0.0,0.0,0.0,0.0,0.0,0.0,0.0,0.0,0.0,0.0,0.0,0.0,0.0,0.0,0.0,0.0,0.0,0.0,0.0,0.0,0.0,0.0,0.0,0.0,0.0,0.0,0.0,0.0,0.0,0.0],[0.0,0.0,0.0,0.0,0.0,0.0,0.0,0.0,0.0,0.0,0.0,0.0,0.0,0.01,0.89,0.49,0.99,1.0,0.99,0.12,0.0,0.0,0.0,0.0,0.0,0.0,0.0,0.0,0.0,0.0,0.0,0.0,0.0,0.0,0.0,0.0,0.0,0.0,0.0,0.0,0.0,0.0,0.0,0.0,0.0,0.0,0.0,0.0,0.0,0.0,0.0,0.0,0.0,0.0,0.0,0.0,0.0,0.0,0.0,0.0,0.0,0.0,0.0,0.0],[0.0,0.0,0.0,0.0,0.0,0.0,0.0,0.0,0.0,0.0,0.0,0.0,0.06,0.99,0.99,0.0,0.72,0.99,1.0,1.0,0.07,0.0,0.0,0.0,0.0,0.0,0.0,0.0,0.0,0.0,0.0,0.0,0.0,0.0,0.0,0.0,0.0,0.0,0.0,0.0,0.0,0.0,0.0,0.0,0.0,0.0,0.0,0.0,0.0,0.0,0.0,0.0,0.0,0.0,0.0,0.0,0.0,0.0,0.0,0.0,0.0,0.0,0.0,0.0],[0.0,0.0,0.0,0.0,0.0,0.0,0.0,0.0,0.0,0.0,0.0,0.06,0.99,1.0,0.81,0.0,0.0,0.12,1.0,1.0,1.0,0.21,0.0,0.0,0.0,0.0,0.0,0.0,0.0,0.0,0.0,0.0,0.0,0.0,0.0,0.0,0.0,0.0,0.0,0.0,0.0,0.0,0.0,0.0,0.0,0.0,0.0,0.0,0.0,0.0,0.0,0.0,0.0,0.0,0.0,0.0,0.0,0.0,0.0,0.0,0.0,0.0,0.0,0.0],[0.0,0.0,0.0,0.0,0.0,0.0,0.0,0.0,0.0,0.0,0.08,1.0,1.0,0.88,0.0,0.0,0.0,0.0,0.07,1.0,1.0,1.0,0.22,0.0,0.0,0.0,0.0,0.0,0.0,0.0,0.0,0.0,0.0,0.0,0.0,0.0,0.0,0.0,0.0,0.0,0.0,0.0,0.0,0.0,0.0,0.0,0.0,0.0,0.0,0.0,0.0,0.0,0.0,0.0,0.0,0.0,0.0,0.0,0.0,0.0,0.0,0.0,0.0,0.0],[0.0,0.0,0.0,0.0,0.0,0.0,0.0,0.01,0.0,0.09,0.99,1.0,0.87,0.0,0.0,0.0,0.0,0.0,0.0,0.21,1.0,1.0,1.0,0.03,0.03,0.18,0.03,0.0,0.0,0.0,0.0,0.0,0.0,0.0,0.0,0.0,0.0,0.0,0.0,0.0,0.0,0.0,0.0,0.0,0.0,0.0,0.0,0.0,0.01,0.01,0.0,0.0,0.0,0.0,0.0,0.0,0.0,0.0,0.0,0.0,0.0,0.0,0.0,0.0],[0.0,0.0,0.0,0.0,0.0,0.0,0.0,0.81,0.01,0.99,0.99,0.69,0.0,0.0,0.0,0.0,0.0,0.0,0.0,0.0,0.22,1.0,1.0,0.75,0.21,0.36,0.62,0.77,0.0,0.0,0.0,0.0,0.0,0.0,0.0,0.0,0.0,0.0,0.06,0.07,0.07,0.07,0.17,0.37,0.2,0.25,0.55,0.46,0.38,0.47,0.73,0.73,0.77,0.59,0.51,0.21,0.13,0.13,0.16,0.09,0.09,0.25,0.07,0.07],[0.0,0.0,0.0,0.0,0.01,0.01,0.03,0.21,0.01,0.1,0.04,0.0,0.0,0.0,0.0,0.0,0.0,0.0,0.0,0.0,0.0,0.03,0.75,1.0,0.44,0.03,0.22,0.65,0.19,0.0,0.0,0.0,0.0,0.0,0.0,0.0,0.0,0.0,0.11,0.15,0.23,0.38,0.8,0.83,0.54,0.49,0.7,0.58,0.46,0.54,0.87,0.92,0.93,0.93,0.91,0.87,0.81,0.79,0.82,0.8,0.8,0.88,0.26,0.15],[0.0,0.0,0.0,0.0,0.0,0.0,0.0,0.01,0.0,0.04,0.07,0.01,0.0,0.0,0.0,0.0,0.0,0.0,0.0,0.0,0.0,0.03,0.21,0.44,1.0,0.68,0.75,0.53,0.01,0.0,0.0,0.0,0.0,0.0,0.0,0.0,0.0,0.0,0.05,0.05,0.05,0.05,0.05,0.05,0.04,0.05,0.06,0.06,0.08,0.07,0.07,0.08,0.12,0.16,0.28,0.36,0.41,0.45,0.47,0.27,0.16,0.11,0.05,0.06],[0.0,0.0,0.0,0.0,0.0,0.0,0.0,0.0,0.0,0.02,0.88,0.77,0.01,0.0,0.0,0.0,0.0,0.0,0.0,0.0,0.0,0.18,0.36,0.03,0.68,1.0,0.97,0.08,0.0,0.0,0.0,0.0,0.0,0.0,0.0,0.0,0.0,0.0,0.0,0.0,0.0,0.0,0.0,0.0,0.0,0.0,0.0,0.0,0.01,0.01,0.0,0.0,0.0,0.0,0.0,0.0,0.0,0.01,0.01,0.0,0.0,0.0,0.0,0.0],[0.0,0.0,0.0,0.0,0.0,0.0,0.0,0.01,0.01,0.49,0.92,0.17,0.0,0.0,0.0,0.0,0.0,0.0,0.0,0.0,0.0,0.03,0.62,0.22,0.75,0.97,1.0,0.97,0.0,0.0,0.0,0.0,0.0,0.0,0.0,0.0,0.0,0.0,0.07,0.1,0.1,0.07,0.06,0.06,0.05,0.05,0.07,0.05,0.05,0.04,0.06,0.07,0.08,0.17,0.35,0.49,0.46,0.45,0.46,0.44,0.27,0.14,0.1,0.1],[0.0,0.0,0.0,0.0,0.0,0.0,0.01,0.99,0.11,0.97,0.79,0.0,0.0,0.0,0.0,0.0,0.0,0.0,0.0,0.0,0.0,0.0,0.77,0.65,0.53,0.08,0.97,1.0,0.68,0.02,0.0,0.0,0.0,0.0,0.0,0.0,0.0,0.0,0.79,0.83,0.92,0.95,0.97,0.97,0.93,0.73,0.68,0.33,0.25,0.24,0.85,0.96,0.96,0.96,0.92,0.91,0.88,0.86,0.85,0.91,0.95,0.96,0.92,0.83],[0.0,0.0,0.0,0.0,0.01,0.09,0.99,0.24,0.12,0.01,0.0,0.0,0.0,0.0,0.0,0.0,0.0,0.0,0.0,0.0,0.0,0.0,0.0,0.19,0.01,0.0,0.0,0.68,1.0,0.78,0.59,0.01,0.76,0.01,0.0,0.0,0.0,0.0,0.91,0.91,0.96,0.97,0.98,0.98,0.95,0.89,0.82,0.42,0.26,0.25,0.88,0.96,0.96,0.98,0.94,0.94,0.86,0.76,0.71,0.94,0.97,0.98,0.96,0.91],[0.0,0.0,0.0,0.0,0.0,0.01,0.5,0.15,0.91,0.02,0.0,0.0,0.0,0.0,0.0,0.0,0.0,0.0,0.0,0.0,0.0,0.0,0.0,0.0,0.0,0.0,0.0,0.02,0.78,1.0,0.95,0.01,0.56,0.0,0.0,0.0,0.0,0.0,0.86,0.82,0.81,0.77,0.5,0.33,0.51,0.31,0.09,0.05,0.04,0.04,0.06,0.09,0.06,0.08,0.06,0.09,0.1,0.1,0.09,0.15,0.23,0.22,0.79,0.82],[0.0,0.0,0.0,0.0,0.0,0.03,0.63,0.01,0.35,0.0,0.0,0.0,0.0,0.0,0.0,0.0,0.0,0.0,0.0,0.0,0.0,0.0,0.0,0.0,0.0,0.0,0.0,0.0,0.59,0.95,1.0,0.06,0.97,0.1,0.0,0.0,0.0,0.0,0.51,0.43,0.27,0.12,0.04,0.03,0.05,0.04,0.01,0.01,0.01,0.01,0.01,0.01,0.01,0.02,0.01,0.02,0.03,0.03,0.04,0.04,0.04,0.03,0.23,0.39],[0.0,0.0,0.0,0.0,0.0,0.0,0.01,0.0,0.0,0.0,0.0,0.0,0.0,0.0,0.0,0.0,0.0,0.0,0.0,0.0,0.0,0.0,0.0,0.0,0.0,0.0,0.0,0.0,0.01,0.01,0.06,1.0,0.02,0.01,0.0,0.0,0.0,0.0,0.0,0.0,0.0,0.0,0.0,0.0,0.0,0.0,0.0,0.0,0.0,0.0,0.0,0.0,0.0,0.0,0.0,0.0,0.0,0.0,0.0,0.0,0.0,0.0,0.0,0.0],[0.0,0.0,0.0,0.0,0.02,0.99,0.97,0.0,0.0,0.0,0.0,0.0,0.0,0.0,0.0,0.0,0.0,0.0,0.0,0.0,0.0,0.0,0.0,0.0,0.0,0.0,0.0,0.0,0.76,0.56,0.97,0.02,1.0,1.0,0.04,0.0,0.0,0.0,0.06,0.09,0.06,0.02,0.01,0.01,0.02,0.02,0.01,0.01,0.01,0.02,0.01,0.01,0.01,0.01,0.01,0.02,0.03,0.03,0.02,0.02,0.02,0.01,0.05,0.07],[0.0,0.0,0.0,0.02,0.99,0.99,0.72,0.0,0.0,0.0,0.0,0.0,0.0,0.0,0.0,0.0,0.0,0.0,0.0,0.0,0.0,0.0,0.0,0.0,0.0,0.0,0.0,0.0,0.01,0.0,0.1,0.01,1.0,1.0,1.0,0.02,0.0,0.0,0.0,0.0,0.0,0.0,0.0,0.0,0.0,0.0,0.0,0.0,0.0,0.0,0.0,0.0,0.0,0.0,0.0,0.0,0.0,0.0,0.0,0.0,0.0,0.0,0.0,0.0],[0.0,0.0,0.02,0.99,0.99,0.88,0.0,0.0,0.0,0.0,0.0,0.0,0.0,0.0,0.0,0.0,0.0,0.0,0.0,0.0,0.0,0.0,0.0,0.0,0.0,0.0,0.0,0.0,0.0,0.0,0.0,0.0,0.04,1.0,1.0,1.0,0.03,0.0,0.0,0.0,0.0,0.0,0.0,0.0,0.0,0.0,0.0,0.0,0.0,0.0,0.0,0.0,0.0,0.0,0.0,0.0,0.0,0.0,0.0,0.0,0.0,0.0,0.0,0.0],[0.0,0.03,0.99,1.0,0.91,0.0,0.0,0.0,0.0,0.0,0.0,0.0,0.0,0.0,0.0,0.0,0.0,0.0,0.0,0.0,0.0,0.0,0.0,0.0,0.0,0.0,0.0,0.0,0.0,0.0,0.0,0.0,0.0,0.02,1.0,1.0,1.0,0.03,0.0,0.0,0.0,0.0,0.0,0.0,0.0,0.0,0.0,0.0,0.0,0.0,0.0,0.0,0.0,0.0,0.0,0.0,0.0,0.0,0.0,0.0,0.0,0.0,0.0,0.0],[0.06,0.99,0.99,0.85,0.0,0.0,0.0,0.0,0.0,0.0,0.0,0.0,0.0,0.0,0.0,0.0,0.0,0.0,0.0,0.0,0.0,0.0,0.0,0.0,0.0,0.0,0.0,0.0,0.0,0.0,0.0,0.0,0.0,0.0,0.03,1.0,1.0,0.99,0.0,0.0,0.0,0.0,0.0,0.0,0.0,0.0,0.0,0.0,0.0,0.0,0.0,0.0,0.0,0.0,0.0,0.0,0.0,0.0,0.0,0.0,0.0,0.0,0.0,0.0],[0.98,0.96,0.74,0.0,0.0,0.0,0.0,0.0,0.0,0.0,0.0,0.0,0.0,0.0,0.0,0.0,0.0,0.0,0.0,0.0,0.0,0.0,0.0,0.0,0.0,0.0,0.0,0.0,0.0,0.0,0.0,0.0,0.0,0.0,0.0,0.03,0.99,1.0,0.0,0.0,0.0,0.0,0.0,0.0,0.0,0.0,0.0,0.0,0.0,0.0,0.0,0.0,0.0,0.0,0.0,0.0,0.0,0.0,0.0,0.0,0.0,0.0,0.0,0.0],[0.0,0.0,0.0,0.0,0.0,0.02,0.49,0.83,0.77,0.48,0.02,0.0,0.0,0.0,0.0,0.0,0.0,0.0,0.0,0.0,0.0,0.0,0.06,0.11,0.05,0.0,0.07,0.79,0.91,0.86,0.51,0.0,0.06,0.0,0.0,0.0,0.0,0.0,1.0,1.0,1.0,1.0,1.0,1.0,1.0,1.0,0.92,0.02,0.02,0.03,0.93,1.0,1.0,1.0,0.95,0.94,0.02,0.03,0.03,1.0,1.0,1.0,1.0,1.0],[0.0,0.0,0.0,0.0,0.01,0.02,0.54,0.88,0.74,0.58,0.02,0.0,0.0,0.0,0.0,0.0,0.0,0.0,0.0,0.0,0.0,0.0,0.07,0.15,0.05,0.0,0.1,0.83,0.91,0.82,0.43,0.0,0.09,0.0,0.0,0.0,0.0,0.0,1.0,1.0,1.0,1.0,1.0,1.0,1.0,1.0,0.98,0.26,0.11,0.08,0.99,1.0,1.0,1.0,1.0,0.98,0.16,0.1,0.09,1.0,1.0,1.0,1.0,1.0],[0.0,0.0,0.0,0.0,0.0,0.03,0.68,0.95,0.64,0.76,0.01,0.0,0.0,0.0,0.0,0.0,0.0,0.0,0.0,0.0,0.0,0.0,0.07,0.23,0.05,0.0,0.1,0.92,0.96,0.81,0.27,0.0,0.06,0.0,0.0,0.0,0.0,0.0,1.0,1.0,1.0,1.0,1.0,1.0,1.0,1.0,1.0,0.91,0.54,0.45,1.0,1.0,1.0,1.0,1.0,1.0,0.94,0.5,0.44,1.0,1.0,1.0,1.0,1.0],[0.0,0.0,0.0,0.0,0.0,0.02,0.86,0.97,0.56,0.89,0.0,0.0,0.0,0.0,0.0,0.0,0.0,0.0,0.0,0.0,0.0,0.0,0.07,0.38,0.05,0.0,0.07,0.95,0.97,0.77,0.12,0.0,0.02,0.0,0.0,0.0,0.0,0.0,1.0,1.0,1.0,1.0,1.0,1.0,1.0,1.0,1.0,1.0,0.96,0.98,1.0,1.0,1.0,1.0,1.0,1.0,1.0,0.98,0.99,1.0,1.0,1.0,1.0,1.0],[0.0,0.0,0.0,0.0,0.0,0.02,0.93,0.98,0.32,0.92,0.0,0.0,0.0,0.0,0.0,0.0,0.0,0.0,0.0,0.0,0.0,0.0,0.17,0.8,0.05,0.0,0.06,0.97,0.98,0.5,0.04,0.0,0.01,0.0,0.0,0.0,0.0,0.0,1.0,1.0,1.0,1.0,1.0,1.0,1.0,1.0,1.0,1.0,1.0,1.0,1.0,1.0,1.0,1.0,1.0,1.0,1.0,1.0,1.0,1.0,1.0,1.0,1.0,1.0],[0.0,0.0,0.0,0.0,0.0,0.06,0.93,0.98,0.24,0.92,0.0,0.0,0.0,0.0,0.0,0.0,0.0,0.0,0.0,0.0,0.0,0.0,0.37,0.83,0.05,0.0,0.06,0.97,0.98,0.33,0.03,0.0,0.01,0.0,0.0,0.0,0.0,0.0,1.0,1.0,1.0,1.0,1.0,1.0,1.0,1.0,1.0,1.0,1.0,1.0,1.0,1.0,1.0,1.0,1.0,1.0,1.0,1.0,0.99,1.0,1.0,1.0,1.0,1.0],[0.0,0.0,0.0,0.0,0.0,0.15,0.91,0.97,0.38,0.89,0.0,0.0,0.0,0.0,0.0,0.0,0.0,0.0,0.0,0.0,0.0,0.0,0.2,0.54,0.04,0.0,0.05,0.93,0.95,0.51,0.05,0.0,0.02,0.0,0.0,0.0,0.0,0.0,1.0,1.0,1.0,1.0,1.0,1.0,1.0,1.0,1.0,1.0,1.0,1.0,1.0,1.0,1.0,1.0,1.0,1.0,0.9,0.06,0.09,1.0,1.0,1.0,1.0,1.0],[0.0,0.0,0.0,0.0,0.01,0.37,0.9,0.95,0.26,0.75,0.0,0.0,0.0,0.0,0.0,0.0,0.0,0.0,0.0,0.0,0.0,0.0,0.25,0.49,0.05,0.0,0.05,0.73,0.89,0.31,0.04,0.0,0.02,0.0,0.0,0.0,0.0,0.0,1.0,1.0,1.0,1.0,1.0,1.0,1.0,1.0,1.0,1.0,1.0,1.0,1.0,1.0,1.0,1.0,1.0,1.0,0.01,0.03,0.02,1.0,1.0,1.0,1.0,1.0],[0.0,0.0,0.0,0.0,0.01,0.48,0.89,0.96,0.08,0.6,0.0,0.0,0.0,0.0,0.0,0.0,0.0,0.0,0.0,0.0,0.0,0.0,0.55,0.7,0.06,0.0,0.07,0.68,0.82,0.09,0.01,0.0,0.01,0.0,0.0,0.0,0.0,0.0,0.92,0.98,1.0,1.0,1.0,1.0,1.0,1.0,1.0,1.0,1.0,1.0,1.0,1.0,1.0,1.0,1.0,1.0,0.03,0.1,0.06,1.0,1.0,1.0,1.0,0.98],[0.0,0.0,0.0,0.0,0.02,0.55,0.86,0.92,0.05,0.25,0.0,0.0,0.0,0.0,0.0,0.0,0.0,0.0,0.0,0.0,0.0,0.0,0.46,0.58,0.06,0.0,0.05,0.33,0.42,0.05,0.01,0.0,0.01,0.0,0.0,0.0,0.0,0.0,0.02,0.26,0.91,1.0,1.0,1.0,1.0,1.0,1.0,1.0,1.0,1.0,1.0,1.0,1.0,1.0,1.0,0.03,0.01,0.02,0.01,0.01,0.87,1.0,0.93,0.14],[0.0,0.0,0.0,0.0,0.06,0.5,0.81,0.89,0.05,0.17,0.01,0.0,0.0,0.0,0.0,0.0,0.0,0.0,0.0,0.0,0.0,0.01,0.38,0.46,0.08,0.01,0.05,0.25,0.26,0.04,0.01,0.0,0.01,0.0,0.0,0.0,0.0,0.0,0.02,0.11,0.54,0.96,1.0,1.0,1.0,1.0,1.0,1.0,1.0,1.0,1.0,1.0,1.0,1.0,0.56,0.11,0.02,0.02,0.03,0.03,0.06,1.0,0.43,0.08],[0.0,0.0,0.0,0.0,0.05,0.5,0.87,0.91,0.04,0.15,0.01,0.0,0.0,0.0,0.0,0.0,0.0,0.0,0.0,0.0,0.0,0.01,0.47,0.54,0.07,0.01,0.04,0.24,0.25,0.04,0.01,0.0,0.02,0.0,0.0,0.0,0.0,0.0,0.03,0.08,0.45,0.98,1.0,1.0,1.0,1.0,1.0,1.0,1.0,1.0,1.0,1.0,1.0,0.99,0.76,0.06,0.01,0.03,0.02,0.01,0.1,0.99,0.36,0.08],[0.0,0.0,0.0,0.0,0.01,0.32,0.91,0.97,0.05,0.55,0.0,0.0,0.0,0.0,0.0,0.0,0.0,0.0,0.0,0.0,0.0,0.0,0.73,0.87,0.07,0.0,0.06,0.85,0.88,0.06,0.01,0.0,0.01,0.0,0.0,0.0,0.0,0.0,0.93,0.99,1.0,1.0,1.0,1.0,1.0,1.0,1.0,1.0,1.0,1.0,1.0,1.0,1.0,1.0,1.0,1.0,1.0,0.52,0.75,1.0,1.0,1.0,1.0,1.0],[0.0,0.0,0.0,0.0,0.0,0.11,0.94,0.98,0.08,0.81,0.0,0.0,0.0,0.0,0.0,0.0,0.0,0.0,0.0,0.0,0.0,0.0,0.73,0.92,0.08,0.0,0.07,0.96,0.96,0.09,0.01,0.0,0.01,0.0,0.0,0.0,0.0,0.0,1.0,1.0,1.0,1.0,1.0,1.0,1.0,1.0,1.0,1.0,1.0,1.0,1.0,1.0,1.0,1.0,1.0,1.0,1.0,1.0,0.99,1.0,1.0,1.0,1.0,1.0],[0.0,0.0,0.0,0.0,0.01,0.08,0.92,0.97,0.05,0.62,0.0,0.0,0.0,0.0,0.0,0.0,0.0,0.0,0.0,0.0,0.0,0.0,0.77,0.93,0.12,0.0,0.08,0.96,0.96,0.06,0.01,0.0,0.01,0.0,0.0,0.0,0.0,0.0,1.0,1.0,1.0,1.0,1.0,1.0,1.0,1.0,1.0,1.0,1.0,1.0,1.0,1.0,1.0,1.0,1.0,1.0,1.0,1.0,1.0,1.0,1.0,1.0,1.0,1.0],[0.0,0.0,0.0,0.0,0.01,0.06,0.89,0.97,0.08,0.6,0.0,0.0,0.0,0.0,0.0,0.0,0.0,0.0,0.0,0.0,0.0,0.0,0.59,0.93,0.16,0.0,0.17,0.96,0.98,0.08,0.02,0.0,0.01,0.0,0.0,0.0,0.0,0.0,1.0,1.0,1.0,1.0,1.0,1.0,1.0,1.0,1.0,1.0,1.0,0.99,1.0,1.0,1.0,1.0,1.0,1.0,1.0,1.0,1.0,1.0,1.0,1.0,1.0,1.0],[0.0,0.0,0.0,0.0,0.01,0.06,0.51,0.86,0.05,0.23,0.0,0.0,0.0,0.0,0.0,0.0,0.0,0.0,0.0,0.0,0.0,0.0,0.51,0.91,0.28,0.0,0.35,0.92,0.94,0.06,0.01,0.0,0.01,0.0,0.0,0.0,0.0,0.0,0.95,1.0,1.0,1.0,1.0,1.0,1.0,1.0,1.0,1.0,0.56,0.76,1.0,1.0,1.0,1.0,1.0,1.0,1.0,1.0,1.0,1.0,1.0,1.0,1.0,0.99],[0.0,0.0,0.0,0.0,0.01,0.06,0.39,0.65,0.07,0.15,0.0,0.0,0.0,0.0,0.0,0.0,0.0,0.0,0.0,0.0,0.0,0.0,0.21,0.87,0.36,0.0,0.49,0.91,0.94,0.09,0.02,0.0,0.02,0.0,0.0,0.0,0.0,0.0,0.94,0.98,1.0,1.0,1.0,1.0,1.0,1.0,1.0,0.03,0.11,0.06,1.0,1.0,1.0,1.0,1.0,1.0,1.0,1.0,1.0,1.0,1.0,1.0,1.0,0.97],[0.0,0.0,0.0,0.0,0.02,0.07,0.27,0.29,0.05,0.06,0.0,0.0,0.0,0.0,0.0,0.0,0.0,0.0,0.0,0.0,0.0,0.0,0.13,0.81,0.41,0.0,0.46,0.88,0.86,0.1,0.03,0.0,0.03,0.0,0.0,0.0,0.0,0.0,0.02,0.16,0.94,1.0,1.0,1.0,0.9,0.01,0.03,0.01,0.02,0.01,1.0,1.0,1.0,1.0,1.0,1.0,1.0,1.0,1.0,1.0,1.0,1.0,0.93,0.33],[0.0,0.0,0.0,0.0,0.02,0.07,0.25,0.23,0.05,0.05,0.0,0.0,0.0,0.0,0.0,0.0,0.0,0.0,0.0,0.0,0.0,0.0,0.13,0.79,0.45,0.01,0.45,0.86,0.76,0.1,0.03,0.0,0.03,0.0,0.0,0.0,0.0,0.0,0.03,0.1,0.5,0.98,1.0,1.0,0.06,0.03,0.1,0.02,0.02,0.03,0.52,1.0,1.0,1.0,1.0,1.0,1.0,1.0,1.0,1.0,1.0,1.0,0.64,0.14],[0.0,0.0,0.0,0.0,0.02,0.07,0.26,0.24,0.06,0.05,0.0,0.0,0.0,0.0,0.0,0.0,0.0,0.0,0.0,0.0,0.0,0.0,0.16,0.82,0.47,0.01,0.46,0.85,0.71,0.09,0.04,0.0,0.02,0.0,0.0,0.0,0.0,0.0,0.03,0.09,0.44,0.99,1.0,0.99,0.09,0.02,0.06,0.01,0.03,0.02,0.75,0.99,1.0,1.0,1.0,1.0,1.0,1.0,1.0,1.0,1.0,1.0,0.56,0.1],[0.0,0.0,0.0,0.0,0.01,0.04,0.33,0.72,0.11,0.22,0.0,0.0,0.0,0.0,0.0,0.0,0.0,0.0,0.0,0.0,0.0,0.0,0.09,0.8,0.27,0.0,0.44,0.91,0.94,0.15,0.04,0.0,0.02,0.0,0.0,0.0,0.0,0.0,1.0,1.0,1.0,1.0,1.0,1.0,1.0,1.0,1.0,0.01,0.03,0.01,1.0,1.0,1.0,1.0,1.0,1.0,1.0,1.0,1.0,1.0,1.0,1.0,1.0,1.0],[0.0,0.0,0.0,0.0,0.0,0.03,0.58,0.93,0.17,0.55,0.0,0.0,0.0,0.0,0.0,0.0,0.0,0.0,0.0,0.0,0.0,0.0,0.09,0.8,0.16,0.0,0.27,0.95,0.97,0.23,0.04,0.0,0.02,0.0,0.0,0.0,0.0,0.0,1.0,1.0,1.0,1.0,1.0,1.0,1.0,1.0,1.0,0.87,0.06,0.1,1.0,1.0,1.0,1.0,1.0,1.0,1.0,1.0,1.0,1.0,1.0,1.0,1.0,1.0],[0.0,0.0,0.0,0.0,0.0,0.04,0.91,0.98,0.17,0.8,0.0,0.0,0.0,0.0,0.0,0.0,0.0,0.0,0.0,0.0,0.0,0.0,0.25,0.88,0.11,0.0,0.14,0.96,0.98,0.22,0.03,0.0,0.01,0.0,0.0,0.0,0.0,0.0,1.0,1.0,1.0,1.0,1.0,1.0,1.0,1.0,1.0,1.0,1.0,0.99,1.0,1.0,1.0,1.0,1.0,1.0,1.0,1.0,1.0,1.0,1.0,1.0,1.0,1.0],[0.0,0.0,0.0,0.0,0.0,0.02,0.72,0.95,0.61,0.74,0.01,0.0,0.0,0.0,0.0,0.0,0.0,0.0,0.0,0.0,0.0,0.0,0.07,0.26,0.05,0.0,0.1,0.92,0.96,0.79,0.23,0.0,0.05,0.0,0.0,0.0,0.0,0.0,1.0,1.0,1.0,1.0,1.0,1.0,1.0,1.0,1.0,0.93,0.43,0.36,1.0,1.0,1.0,1.0,1.0,1.0,0.93,0.64,0.56,1.0,1.0,1.0,1.0,1.0],[0.0,0.0,0.0,0.0,0.01,0.02,0.53,0.86,0.71,0.54,0.02,0.0,0.0,0.0,0.0,0.0,0.0,0.0,0.0,0.0,0.0,0.0,0.07,0.15,0.06,0.0,0.1,0.83,0.91,0.82,0.39,0.0,0.07,0.0,0.0,0.0,0.0,0.0,1.0,1.0,1.0,1.0,1.0,1.0,1.0,1.0,0.98,0.14,0.08,0.08,1.0,1.0,1.0,1.0,0.99,0.97,0.33,0.14,0.1,1.0,1.0,1.0,1.0,1.0]],
