{
  "atom_chain_ids": ["A","A","A","A","A","A","A","A","A","A","A","A","A","A","A","A","A","A","A","A","A","A","A","A","A","A","A","A","A","A","A","A","A","A","A","A","A","A","A","A","A","A","A","A","A","A","A","A","A","A","A","A","A","A","A","A","A","A","A","A","A","A","A","A","A","A","A","A","A","A","A","A","A","A","A","A","A","A","A","A","A","A","A","A","A","A","A","A","A","A","A","A","A","A","A","A","A","A","A","A","A","A","A","A","A","A","A","A","A","A","A","A","A","A","A","A","A","A","A","A","A","A","A","A","A","A","A","A","A","A","A","A","A","A","A","A","A","A","A","A","A","A","A","A","A","A","A","A","A","A","A","A","A","A","A","A","A","A","A","A","A","A","A","A","A","A","A","A","A","A","A","A","A","A","A","A","A","A","A","A","A","A","A","A","A","A","A","A","A","A","A","A","A","A","A","A","A","A","A","A","A","A","A","A","A","A","A","A","A","A","A","A","A","A","A","A","A","A","A","A","A","A","A","A","A","A","A","A","A","A","A","A","A","A","A","A","A","A","A","A","A","A","A","A","A","A","A","A","A","A","A","A","A","A","A","A","A","A","A","A","A","A","A","A","A","A","A","A","A","A","A","A","A","A","A","A","A","A","A","A","A","A","A","A","A","A","A","A","A","A","A","A","A","A","A","A","A","A","A","A","A","A","A","A","A","A","A","A","A","A","A","A","A","A","A","A","A","A","A","A","A","A","A","A","A","A","A","A","A","A","A","A","A","A","A","A","A","A","A","A","A","A","A","A","A","A","A","A","A","A","A","A","A","A","A","A","A","A","A","A","A","A","A","A","A","A","A","A","A","A","A","A","A","A","A","A","A","A","A","A","A","A","A","A","A","A","A","A","A","A","A","A","A","A","A","A","A","A","A","A","A","A","A","A","A","A","A","A","A","A","A","A","A","A","A","A","A","A","A","A","A","A","A","A","A","A","A","A","A","A","A","A","A","A","A","A","A","A","A","A","A","A","A","A","A","A","A","A","A","A","A","A","A","A","A","A","A","A","A","A","A","A","A","A","A","A","A","A","A","A","A","A","A","A","A","A","A","A","A","A","A","A","A","A","A","A","A","A","A","A","A","A","A","A","A","A","A","A","A","A","A","A","A","A","A","A","A","A","A","A","A","A","A","A","A","A","A","A","A","A","A","A","A","A","A","A","A","A","A","A","A","A","A","A","A","A","A","A","A","A","A","A","A","A","A","A","A","A","A","A","A","A","A","A","A","A","A","A","A","A","A","A","A","A","A","A","A","A","A","A","A","A","A","A","A","A","A","A","A","A","A","A","A","A","A","A","A","A","A","A","A","A","A","A","A","A","A","A","A","A","A","A","A","A","A","A","A","A","A","A","A","A","A","A","A","A","A","A","A","A","A","A","A","A","A","A","A","A","A","A","A","A","A","A","A","A","A","A","A","A","A","A","A","A","A","A","A","A","A","A","A","A","A","A","A","A","A","A","A","A","A","A","A","A","A","A","A","A","A","A","A","A","A","A","A","A","A","A","A","A","A","A","A","A","A","A","A","A","A","A","A","A","A","A","A","A","A","A","A","A","A","A","A","A","A","A","A","A","A","A","A","A","A","A","A","A","A","A","A","A","A","A","A","A","A","A","A","A","A","A","A","A","A","A","A","A","A","A","A","A","A","A","A","A","A","A","A","A","A","A","A","A","A","A","A","A","A","A","A","A","A","A","A","A","A","A","A","A","A","A","A","A","A","A","A","A","A","A","A","A","A","A","A","A","A","A","A","A","A","A","A","A","A","A","A","A","A","A","A","A","A","A","A","A","A","A","A","A","A","A","A","A","A","A","A","A","A","A","A","A","B","B","B","B","B","B","B","B","B","B","B","B","B","B","B","B","B","B","B","B","B","B","B","B","B","B"],
  "atom_plddts": [53.52,55.39,50.62,53.52,56.87,57.97,61.1,61.75,62.18,61.59,60.7,59.48,60.97,60.85,60.42,60.28,60.28,59.64,58.84,59.33,59.69,59.28,60.9,62.91,60.45,57.24,59.53,61.39,62.01,63.33,64.0,64.72,63.43,63.93,63.04,64.04,65.06,65.71,65.91,66.06,65.64,65.09,65.66,65.33,64.72,65.38,65.66,66.93,64.76,66.62,66.69,67.26,68.72,69.44,69.21,68.2,69.57,68.36,69.36,70.6,70.76,70.74,71.54,71.18,70.69,70.77,70.37,70.58,71.42,73.06,70.42,72.2,73.16,73.56,75.33,76.44,76.27,75.69,76.38,74.91,76.2,77.21,76.49,75.77,76.69,76.8,76.17,76.62,76.81,75.81,74.32,75.77,75.63,75.19,77.42,77.77,77.68,77.09,77.53,76.28,77.61,78.45,77.88,77.1,78.01,78.01,77.42,77.75,77.83,76.96,75.56,77.03,76.91,76.37,78.58,78.95,78.8,78.35,78.72,77.41,78.75,79.46,78.91,78.11,78.96,78.92,78.36,78.67,78.76,76.97,75.51,76.18,76.77,76.36,78.0,78.09,77.92,77.26,77.46,76.06,78.04,78.72,77.95,76.98,78.07,78.2,77.48,77.79,77.88,74.69,72.14,72.72,74.89,76.48,78.28,78.42,78.85,78.02,77.54,76.28,78.62,79.27,77.63,77.36,78.28,77.88,76.99,77.48,77.54,77.39,78.46,78.93,76.43,75.05,75.67,74.98,73.45,74.66,74.45,75.49,73.99,73.44,69.86,73.32,73.04,70.6,69.03,71.04,70.06,68.67,68.55,68.8,68.07,71.54,75.34,72.14,73.19,76.05,76.68,78.86,79.24,79.23,78.65,79.33,78.26,79.53,80.33,79.69,79.09,80.07,80.1,79.44,79.9,80.07,79.94,78.69,79.65,80.11,79.68,80.93,81.54,81.25,80.82,81.29,80.1,81.3,81.98,81.47,80.82,81.53,81.54,81.01,81.31,81.46,81.41,80.63,81.43,81.06,80.9,82.05,82.54,82.46,81.87,82.16,80.9,81.94,82.44,82.15,81.9,82.34,81.92,81.52,81.93,81.72,81.09,81.88,82.26,78.56,78.76,79.35,77.44,76.32,77.33,77.66,77.22,76.31,76.66,75.04,76.77,77.31,77.7,77.29,77.58,77.15,76.76,77.33,77.04,75.91,76.63,77.2,78.54,78.47,79.01,77.89,76.46,77.81,77.86,77.81,77.25,77.44,76.06,77.74,78.53,78.31,77.34,77.98,77.82,77.19,77.86,78.06,78.75,77.55,77.63,78.22,77.53,78.83,78.97,79.15,78.31,78.57,76.88,78.69,79.17,78.55,77.94,78.61,77.98,76.89,77.98,78.02,76.96,78.36,79.16,79.78,78.51,78.71,77.95,75.81,78.13,78.11,79.85,78.56,77.42,74.75,76.47,76.04,73.44,72.22,72.83,71.18,69.69,70.43,70.94,70.96,74.23,76.09,73.52,74.21,75.3,74.59,75.96,75.8,76.79,75.39,74.81,72.53,74.63,74.88,73.34,72.19,73.17,72.55,71.16,72.15,72.22,70.17,72.63,74.6,75.21,73.31,74.43,74.39,72.84,73.65,73.53,74.73,73.0,72.34,70.36,72.8,73.21,71.41,70.37,72.04,71.11,69.76,69.76,69.59,69.3,72.38,74.49,71.66,72.57,74.48,75.02,77.04,77.6,77.59,76.65,77.28,75.55,77.68,78.62,78.24,78.0,78.98,78.65,77.84,78.32,78.06,77.71,78.56,78.85,78.74,76.05,77.29,79.48,79.1,81.69,82.15,81.78,81.5,82.12,81.06,82.2,82.86,82.35,81.8,82.62,82.6,82.01,82.48,82.69,82.89,82.0,82.81,82.54,81.63,83.25,83.42,83.0,82.65,82.94,81.71,83.07,83.62,83.47,82.71,83.45,83.5,83.02,83.4,83.41,82.66,81.54,82.48,81.96,81.68,82.75,83.11,83.07,82.54,83.03,81.78,83.01,83.55,83.4,83.06,83.65,83.43,82.94,83.2,82.95,82.93,83.51,81.94,80.19,80.66,81.35,81.78,83.16,83.21,83.27,82.51,82.77,81.46,83.4,83.92,83.46,83.08,83.86,83.79,83.11,83.63,83.38,82.93,83.81,84.06,80.73,78.81,79.0,79.17,78.88,80.95,81.0,81.85,80.43,79.42,75.82,80.15,80.1,77.17,75.21,77.23,76.66,74.67,75.63,75.99,73.51,77.55,79.41,76.38,73.64,74.1,75.41,74.31,75.86,76.11,77.3,75.8,74.98,71.21,75.1,74.7,70.97,67.58,70.09,69.52,67.03,68.59,70.3,75.32,72.69,72.98,74.62,74.61,76.46,77.26,77.66,76.64,76.92,75.06,76.89,77.36,75.31,74.49,76.07,75.29,73.91,74.23,74.36,74.47,76.74,76.33,73.64,74.17,75.63,75.94,77.59,78.34,78.7,77.64,78.39,76.43,78.43,79.17,77.58,76.85,78.2,77.8,76.48,76.92,76.89,76.85,78.61,77.2,73.71,74.54,77.63,78.01,80.34,80.89,80.81,80.18,80.68,79.27,81.13,81.77,80.7,79.9,80.95,81.01,80.11,80.71,80.98,77.78,75.12,75.46,77.08,78.14,80.3,80.85,81.0,80.08,80.13,78.6,80.98,81.67,80.77,80.47,81.33,81.05,80.15,80.69,80.56,80.3,81.4,81.73,73.59,72.25,73.51,71.66,70.6,72.26,72.37,73.39,71.84,71.34,67.75,71.63,72.0,69.64,68.18,69.95,69.19,67.62,67.86,67.91,67.19,70.39,70.09,67.44,68.51,69.23,69.82,71.0,71.48,72.18,70.6,71.17,68.4,71.06,71.82,69.76,68.8,70.58,70.06,68.62,68.79,68.77,68.67,71.26,68.01,64.82,66.62,68.8,67.97,68.84,68.71,71.02,69.68,66.49,63.72,66.56,65.29,61.62,58.62,59.15,58.05,56.06,58.59,61.54,65.59,61.89,63.06,66.17,67.68,69.25,70.44,71.05,70.44,70.95,69.59,70.91,72.07,71.53,71.54,72.07,71.64,70.86,71.43,71.22,71.07,71.89,71.94,68.43,66.45,67.57,68.51,69.07,70.23,71.04,71.15,70.28,71.49,70.18,71.34,72.3,72.22,72.19,72.53,72.11,71.64,72.08,71.82,71.52,72.11,72.29,70.86,70.29,71.01,69.8,69.74,70.63,70.99,71.03,69.84,71.36,69.72,70.87,71.81,71.9,71.71,72.12,71.59,71.14,71.45,71.18,71.3,72.17,70.45,69.27,69.89,69.59,69.12,70.1,71.2,71.28,70.79,71.05,69.11,70.94,71.84,71.51,70.57,71.07,70.96,70.33,71.13,71.47,70.55,69.72,70.07,69.79,68.13,69.0,69.56,69.43,68.98,68.18,67.12,68.7,69.45,69.95,68.76,69.29,69.17,68.38,69.38,69.83,69.88,70.06,70.23,68.9,67.43,68.32,67.99,68.1,67.31,65.92,64.84,66.53,66.8,66.92,65.46,65.74,65.41,64.57,65.9,66.88,78.26,76.78,78.82,84.24,85.93,85.6,83.67,81.66,82.23,80.51,71.25,74.92,84.34,85.64,86.29,85.24,83.05,82.0,78.02,70.46,72.17,82.85,84.47,86.01,78.35,76.5],
  "contact_probs": [[1.0,0.99,0.13,0.0,0.0,0.0,0.0,0.0,0.0,0.0,0.0,0.0,0.0,0.0,0.0,0.0,0.0,0.0,0.0,0.0,0.0,0.0,0.0,0.0,0.0,0.0,0.0,0.0,0.0,0.0,0.0,0.0,0.0,0.0,0.0,0.0,0.06,0.98,0.0,0.0,0.0,0.0,0.0,0.0,0.0,0.0,0.0,0.0,0.0,0.0,0.0,0.0,0.0,0.0,0.0,0.0,0.0,0.0,0.0,0.0,0.0,0.0,0.0,0.0],[0.99,1.0,1.0,0.05,0.0,0.0,0.0,0.0,0.0,0.0,0.0,0.0,0.0,0.0,0.0,0.0,0.0,0.0,0.0,0.0,0.0,0.0,0.0,0.0,0.0,0.0,0.0,0.0,0.0,0.0,0.0,0.0,0.0,0.0,0.0,0.03,0.99,0.96,0.0,0.0,0.0,0.0,0.0,0.0,0.0,0.0,0.0,0.0,0.0,0.0,0.0,0.0,0.0,0.0,0.0,0.0,0.0,0.0,0.0,0.0,0.0,0.0,0.0,0.0],[0.13,1.0,1.0,1.0,0.03,0.0,0.0,0.0,0.0,0.0,0.0,0.0,0.0,0.0,0.0,0.0,0.0,0.0,0.0,0.0,0.0,0.0,0.0,0.0,0.0,0.0,0.0,0.0,0.0,0.0,0.0,0.0,0.0,0.0,0.02,0.99,0.99,0.74,0.0,0.0,0.0,0.0,0.0,0.0,0.0,0.0,0.0,0.0,0.0,0.0,0.0,0.0,0.0,0.0,0.0,0.0,0.0,0.0,0.0,0.0,0.0,0.0,0.0,0.0],[0.0,0.05,1.0,1.0,1.0,0.02,0.0,0.0,0.0,0.0,0.0,0.0,0.0,0.0,0.0,0.0,0.0,0.0,0.0,0.0,0.0,0.0,0.0,0.0,0.0,0.0,0.0,0.0,0.0,0.0,0.0,0.0,0.0,0.01,0.99,1.0,0.85,0.0,0.0,0.0,0.0,0.0,0.0,0.0,0.0,0.0,0.0,0.0,0.0,0.0,0.0,0.0,0.0,0.0,0.0,0.0,0.0,0.0,0.0,0.0,0.0,0.0,0.0,0.0],[0.0,0.0,0.03,1.0,1.0,1.0,0.42,0.0,0.0,0.0,0.0,0.0,0.0,0.0,0.0,0.0,0.0,0.0,0.0,0.0,0.0,0.0,0.0,0.01,0.0,0.0,0.0,0.0,0.01,0.0,0.0,0.0,0.02,0.99,0.99,0.91,0.0,0.0,0.0,0.01,0.0,0.0,0.0,0.0,0.0,0.01,0.01,0.02,0.05,0.06,0.01,0.0,0.01,0.01,0.01,0.01,0.02,0.02,0.02,0.01,0.0,0.0,0.0,0.01],[0.0,0.0,0.0,0.02,1.0,1.0,0.99,0.0,0.0,0.0,0.0,0.0,0.0,0.0,0.0,0.0,0.0,0.0,0.0,0.0,0.0,0.0,0.0,0.01,0.0,0.0,0.0,0.0,0.08,0.01,0.02,0.0,0.99,0.99,0.88,0.0,0.0,0.0,0.02,0.02,0.02,0.02,0.02,0.06,0.15,0.38,0.48,0.55,0.5,0.49,0.31,0.11,0.07,0.06,0.07,0.06,0.07,0.06,0.07,0.04,0.03,0.04,0.02,0.02],[0.0,0.0,0.0,0.0,0.42,0.99,1.0,0.79,0.05,0.0,0.0,0.0,0.0,0.0,0.0,0.0,0.0,0.0,0.0,0.0,0.0,0.0,0.0,0.02,0.0,0.0,0.0,0.01,0.99,0.51,0.64,0.01,0.97,0.72,0.0,0.0,0.0,0.0,0.5,0.55,0.7,0.87,0.94,0.94,0.91,0.9,0.9,0.86,0.87,0.81,0.91,0.94,0.93,0.89,0.5,0.38,0.27,0.26,0.27,0.33,0.59,0.91,0.73,0.54],[0.0,0.0,0.0,0.0,0.0,0.0,0.79,1.0,0.6,0.99,0.46,0.0,0.0,0.0,0.0,0.0,0.0,0.0,0.0,0.0,0.0,0.01,0.81,0.2,0.01,0.0,0.01,0.99,0.24,0.15,0.01,0.0,0.0,0.0,0.0,0.0,0.0,0.0,0.83,0.88,0.95,0.97,0.98,0.98,0.97,0.96,0.96,0.92,0.92,0.89,0.97,0.98,0.97,0.97,0.86,0.65,0.29,0.24,0.25,0.72,0.94,0.98,0.96,0.87],[0.0,0.0,0.0,0.0,0.0,0.0,0.05,0.6,1.0,0.23,0.0,0.0,0.0,0.0,0.0,0.0,0.0,0.0,0.0,0.0,0.0,0.0,0.01,0.01,0.0,0.0,0.01,0.1,0.12,0.92,0.36,0.0,0.0,0.0,0.0,0.0,0.0,0.0,0.79,0.74,0.64,0.58,0.33,0.23,0.38,0.25,0.07,0.05,0.03,0.05,0.05,0.08,0.05,0.07,0.05,0.07,0.05,0.06,0.06,0.11,0.17,0.17,0.62,0.72],[0.0,0.0,0.0,0.0,0.0,0.0,0.0,0.99,0.23,1.0,1.0,0.05,0.0,0.0,0.0,0.0,0.0,0.0,0.0,0.0,0.0,0.09,0.99,0.1,0.04,0.02,0.48,0.97,0.01,0.02,0.0,0.0,0.0,0.0,0.0,0.0,0.0,0.0,0.48,0.58,0.76,0.89,0.92,0.91,0.89,0.76,0.61,0.25,0.15,0.16,0.55,0.81,0.62,0.59,0.23,0.15,0.06,0.05,0.06,0.22,0.55,0.81,0.74,0.56],[0.0,0.0,0.0,0.0,0.0,0.0,0.0,0.46,0.0,1.0,1.0,1.0,0.23,0.0,0.0,0.0,0.0,0.0,0.0,0.0,0.08,0.99,0.99,0.04,0.07,0.87,0.93,0.79,0.0,0.0,0.0,0.0,0.0,0.0,0.0,0.0,0.0,0.0,0.01,0.02,0.01,0.0,0.0,0.0,0.0,0.0,0.0,0.0,0.01,0.01,0.0,0.0,0.0,0.0,0.0,0.0,0.0,0.0,0.0,0.0,0.0,0.0,0.01,0.02],[0.0,0.0,0.0,0.0,0.0,0.0,0.0,0.0,0.0,0.05,1.0,1.0,1.0,0.13,0.0,0.0,0.0,0.0,0.0,0.06,1.0,1.0,0.71,0.0,0.01,0.76,0.17,0.0,0.0,0.0,0.0,0.0,0.0,0.0,0.0,0.0,0.0,0.0,0.0,0.0,0.0,0.0,0.0,0.0,0.0,0.0,0.0,0.0,0.0,0.0,0.0,0.0,0.0,0.0,0.0,0.0,0.0,0.0,0.0,0.0,0.0,0.0,0.0,0.0],[0.0,0.0,0.0,0.0,0.0,0.0,0.0,0.0,0.0,0.0,0.23,1.0,1.0,1.0,0.36,0.0,0.0,0.0,0.05,0.99,1.0,0.87,0.0,0.0,0.0,0.01,0.0,0.0,0.0,0.0,0.0,0.0,0.0,0.0,0.0,0.0,0.0,0.0,0.0,0.0,0.0,0.0,0.0,0.0,0.0,0.0,0.0,0.0,0.0,0.0,0.0,0.0,0.0,0.0,0.0,0.0,0.0,0.0,0.0,0.0,0.0,0.0,0.0,0.0],[0.0,0.0,0.0,0.0,0.0,0.0,0.0,0.0,0.0,0.0,0.0,0.13,1.0,1.0,1.0,0.0,0.01,0.01,0.99,1.0,0.88,0.0,0.0,0.0,0.0,0.0,0.0,0.0,0.0,0.0,0.0,0.0,0.0,0.0,0.0,0.0,0.0,0.0,0.0,0.0,0.0,0.0,0.0,0.0,0.0,0.0,0.0,0.0,0.0,0.0,0.0,0.0,0.0,0.0,0.0,0.0,0.0,0.0,0.0,0.0,0.0,0.0,0.0,0.0],[0.0,0.0,0.0,0.0,0.0,0.0,0.0,0.0,0.0,0.0,0.0,0.0,0.36,1.0,1.0,0.16,0.96,0.89,0.99,0.8,0.0,0.0,0.0,0.0,0.0,0.0,0.0,0.0,0.0,0.0,0.0,0.0,0.0,0.0,0.0,0.0,0.0,0.0,0.0,0.0,0.0,0.0,0.0,0.0,0.0,0.0,0.0,0.0,0.0,0.0,0.0,0.0,0.0,0.0,0.0,0.0,0.0,0.0,0.0,0.0,0.0,0.0,0.0,0.0],[0.0,0.0,0.0,0.0,0.0,0.0,0.0,0.0,0.0,0.0,0.0,0.0,0.0,0.0,0.16,1.0,0.99,0.52,0.0,0.0,0.0,0.0,0.0,0.0,0.0,0.0,0.0,0.0,0.0,0.0,0.0,0.0,0.0,0.0,0.0,0.0,0.0,0.0,0.0,0.0,0.0,0.0,0.0,0.0,0.0,0.0,0.0,0.0,0.0,0.0,0.0,0.0,0.0,0.0,0.0,0.0,0.0,0.0,0.0,0.0,0.0,0.0,0.0,0.0],[0.0,0.0,0.0,0.0,0.0,0.0,0.0,0.0,0.0,0.0,0.0,0.0,0.0,0.01,0.96,0.99,1.0,0.99,0.73,0.0,0.0,0.0,0.0,0.0,0.0,0.0,0.0,0.0,0.0,0.0,0.0,0.0,0.0,0.0,0.0,0.0,0.0,0.0,0.0,0.0,0.0,0.0,0.0,0.0,0.0,0.0,0.0,0.0,0.0,0.0,0.0,0.0,0.0,0.0,0.0,0.0,0.0,0.0,0.0,0.0,0.0,0.0,0.0,0.0],[0.0,0.0,0.0,0.0,0.0,0.0,0.0,0.0,0.0,0.0,0.0,0.0,0.0,0.01,0.89,0.52,0.99,1.0,0.99,0.13,0.0,0.0,0.0,0.0,0.0,0.0,0.0,0.0,0.0,0.0,0.0,0.0,0.0,0.0,0.0,0.0,0.0,0.0,0.0,0.0,0.0,0.0,0.0,0.0,0.0,0.0,0.0,0.0,0.0,0.0,0.0,0.0,0.0,0.0,0.0,0.0,0.0,0.0,0.0,0.0,0.0,0.0,0.0,0.0],[0.0,0.0,0.0,0.0,0.0,0.0,0.0,0.0,0.0,0.0,0.0,0.0,0.05,0.99,0.99,0.0,0.73,0.99,1.0,1.0,0.07,0.0,0.0,0.0,0.0,0.0,0.0,0.0,0.0,0.0,0.0,0.0,0.0,0.0,0.0,0.0,0.0,0.0,0.0,0.0,0.0,0.0,0.0,0.0,0.0,0.0,0.0,0.0,0.0,0.0,0.0,0.0,0.0,0.0,0.0,0.0,0.0,0.0,0.0,0.0,0.0,0.0,0.0,0.0],[0.0,0.0,0.0,0.0,0.0,0.0,0.0,0.0,0.0,0.0,0.0,0.06,0.99,1.0,0.8,0.0,0.0,0.13,1.0,1.0,1.0,0.22,0.0,0.0,0.0,0.0,0.0,0.0,0.0,0.0,0.0,0.0,0.0,0.0,0.0,0.0,0.0,0.0,0.0,0.0,0.0,0.0,0.0,0.0,0.0,0.0,0.0,0.0,0.0,0.0,0.0,0.0,0.0,0.0,0.0,0.0,0.0,0.0,0.0,0.0,0.0,0.0,0.0,0.0],[0.0,0.0,0.0,0.0,0.0,0.0,0.0,0.0,0.0,0.0,0.08,1.0,1.0,0.88,0.0,0.0,0.0,0.0,0.07,1.0,1.0,1.0,0.22,0.0,0.0,0.0,0.0,0.0,0.0,0.0,0.0,0.0,0.0,0.0,0.0,0.0,0.0,0.0,0.0,0.0,0.0,0.0,0.0,0.0,0.0,0.0,0.0,0.0,0.0,0.0,0.0,0.0,0.0,0.0,0.0,0.0,0.0,0.0,0.0,0.0,0.0,0.0,0.0,0.0],[0.0,0.0,0.0,0.0,0.0,0.0,0.0,0.01,0.0,0.09,0.99,1.0,0.87,0.0,0.0,0.0,0.0,0.0,0.0,0.22,1.0,1.0,1.0,0.03,0.04,0.17,0.03,0.0,0.0,0.0,0.0,0.0,0.0,0.0,0.0,0.0,0.0,0.0,0.0,0.0,0.0,0.0,0.0,0.0,0.0,0.0,0.0,0.0,0.01,0.01,0.0,0.0,0.0,0.0,0.0,0.0,0.0,0.0,0.0,0.0,0.0,0.0,0.0,0.0],[0.0,0.0,0.0,0.0,0.0,0.0,0.0,0.81,0.01,0.99,0.99,0.71,0.0,0.0,0.0,0.0,0.0,0.0,0.0,0.0,0.22,1.0,1.0,0.75,0.2,0.34,0.64,0.78,0.0,0.0,0.0,0.0,0.0,0.0,0.0,0.0,0.0,0.0,0.06,0.07,0.06,0.07,0.17,0.37,0.19,0.26,0.55,0.48,0.48,0.4,0.74,0.74,0.77,0.58,0.5,0.2,0.12,0.13,0.16,0.09,0.09,0.24,0.07,0.07],[0.0,0.0,0.0,0.0,0.01,0.01,0.02,0.2,0.01,0.1,0.04,0.0,0.0,0.0,0.0,0.0,0.0,0.0,0.0,0.0,0.0,0.03,0.75,1.0,0.45,0.03,0.23,0.66,0.2,0.0,0.0,0.0,0.0,0.0,0.0,0.0,0.0,0.0,0.11,0.14,0.22,0.37,0.8,0.83,0.53,0.48,0.69,0.59,0.53,0.46,0.86,0.92,0.93,0.92,0.91,0.87,0.82,0.79,0.82,0.8,0.79,0.88,0.24,0.14],[0.0,0.0,0.0,0.0,0.0,0.0,0.0,0.01,0.0,0.04,0.07,0.01,0.0,0.0,0.0,0.0,0.0,0.0,0.0,0.0,0.0,0.04,0.2,0.45,1.0,0.66,0.74,0.51,0.01,0.0,0.0,0.0,0.0,0.0,0.0,0.0,0.0,0.0,0.04,0.05,0.05,0.04,0.05,0.05,0.04,0.05,0.07,0.06,0.07,0.08,0.08,0.07,0.12,0.15,0.27,0.34,0.4,0.44,0.45,0.25,0.14,0.11,0.05,0.05],[0.0,0.0,0.0,0.0,0.0,0.0,0.0,0.0,0.0,0.02,0.87,0.76,0.01,0.0,0.0,0.0,0.0,0.0,0.0,0.0,0.0,0.17,0.34,0.03,0.66,1.0,0.98,0.08,0.0,0.0,0.0,0.0,0.0,0.0,0.0,0.0,0.0,0.0,0.0,0.0,0.0,0.0,0.0,0.0,0.0,0.0,0.0,0.0,0.01,0.01,0.0,0.0,0.0,0.0,0.0,0.0,0.0,0.01,0.01,0.0,0.0,0.0,0.0,0.0],[0.0,0.0,0.0,0.0,0.0,0.0,0.0,0.01,0.01,0.48,0.93,0.17,0.0,0.0,0.0,0.0,0.0,0.0,0.0,0.0,0.0,0.03,0.64,0.23,0.74,0.98,1.0,0.97,0.0,0.0,0.0,0.0,0.0,0.0,0.0,0.0,0.0,0.0,0.07,0.1,0.1,0.07,0.06,0.06,0.06,0.05,0.07,0.05,0.04,0.05,0.06,0.06,0.09,0.17,0.36,0.49,0.47,0.45,0.46,0.46,0.27,0.14,0.1,0.1],[0.0,0.0,0.0,0.0,0.0,0.0,0.01,0.99,0.1,0.97,0.79,0.0,0.0,0.0,0.0,0.0,0.0,0.0,0.0,0.0,0.0,0.0,0.78,0.66,0.51,0.08,0.97,1.0,0.68,0.02,0.0,0.0,0.0,0.0,0.0,0.0,0.0,0.0,0.79,0.83,0.92,0.95,0.97,0.97,0.93,0.74,0.68,0.33,0.25,0.24,0.85,0.96,0.96,0.96,0.92,0.91,0.88,0.86,0.84,0.92,0.95,0.96,0.92,0.83],[0.0,0.0,0.0,0.0,0.01,0.08,0.99,0.24,0.12,0.01,0.0,0.0,0.0,0.0,0.0,0.0,0.0,0.0,0.0,0.0,0.0,0.0,0.0,0.2,0.01,0.0,0.0,0.68,1.0,0.78,0.59,0.01,0.75,0.01,0.0,0.0,0.0,0.0,0.91,0.91,0.96,0.97,0.98,0.98,0.95,0.89,0.82,0.42,0.24,0.26,0.88,0.97,0.96,0.98,0.94,0.94,0.85,0.77,0.71,0.94,0.97,0.98,0.96,0.92],[0.0,0.0,0.0,0.0,0.0,0.01,0.51,0.15,0.92,0.02,0.0,0.0,0.0,0.0,0.0,0.0,0.0,0.0,0.0,0.0,0.0,0.0,0.0,0.0,0.0,0.0,0.0,0.02,0.78,1.0,0.95,0.01,0.55,0.0,0.0,0.0,0.0,0.0,0.87,0.83,0.82,0.78,0.52,0.34,0.52,0.32,0.08,0.05,0.03,0.04,0.06,0.09,0.06,0.09,0.07,0.1,0.11,0.11,0.1,0.16,0.23,0.22,0.81,0.84],[0.0,0.0,0.0,0.0,0.0,0.02,0.64,0.01,0.36,0.0,0.0,0.0,0.0,0.0,0.0,0.0,0.0,0.0,0.0,0.0,0.0,0.0,0.0,0.0,0.0,0.0,0.0,0.0,0.59,0.95,1.0,0.05,0.97,0.09,0.0,0.0,0.0,0.0,0.51,0.45,0.27,0.12,0.04,0.02,0.05,0.03,0.01,0.01,0.01,0.01,0.01,0.01,0.01,0.02,0.01,0.02,0.03,0.04,0.04,0.04,0.04,0.03,0.23,0.39],[0.0,0.0,0.0,0.0,0.0,0.0,0.01,0.0,0.0,0.0,0.0,0.0,0.0,0.0,0.0,0.0,0.0,0.0,0.0,0.0,0.0,0.0,0.0,0.0,0.0,0.0,0.0,0.0,0.01,0.01,0.05,1.0,0.02,0.01,0.0,0.0,0.0,0.0,0.0,0.0,0.0,0.0,0.0,0.0,0.0,0.0,0.0,0.0,0.0,0.0,0.0,0.0,0.0,0.0,0.0,0.0,0.0,0.0,0.0,0.0,0.0,0.0,0.0,0.0],[0.0,0.0,0.0,0.0,0.02,0.99,0.97,0.0,0.0,0.0,0.0,0.0,0.0,0.0,0.0,0.0,0.0,0.0,0.0,0.0,0.0,0.0,0.0,0.0,0.0,0.0,0.0,0.0,0.75,0.55,0.97,0.02,1.0,1.0,0.04,0.0,0.0,0.0,0.06,0.09,0.06,0.02,0.01,0.01,0.02,0.02,0.01,0.01,0.01,0.01,0.01,0.01,0.01,0.01,0.01,0.02,0.03,0.03,0.03,0.02,0.02,0.01,0.05,0.07],[0.0,0.0,0.0,0.01,0.99,0.99,0.72,0.0,0.0,0.0,0.0,0.0,0.0,0.0,0.0,0.0,0.0,0.0,0.0,0.0,0.0,0.0,0.0,0.0,0.0,0.0,0.0,0.0,0.01,0.0,0.09,0.01,1.0,1.0,1.0,0.02,0.0,0.0,0.0,0.0,0.0,0.0,0.0,0.0,0.0,0.0,0.0,0.0,0.0,0.0,0.0,0.0,0.0,0.0,0.0,0.0,0.0,0.0,0.0,0.0,0.0,0.0,0.0,0.0],[0.0,0.0,0.02,0.99,0.99,0.88,0.0,0.0,0.0,0.0,0.0,0.0,0.0,0.0,0.0,0.0,0.0,0.0,0.0,0.0,0.0,0.0,0.0,0.0,0.0,0.0,0.0,0.0,0.0,0.0,0.0,0.0,0.04,1.0,1.0,1.0,0.03,0.0,0.0,0.0,0.0,0.0,0.0,0.0,0.0,0.0,0.0,0.0,0.0,0.0,0.0,0.0,0.0,0.0,0.0,0.0,0.0,0.0,0.0,0.0,0.0,0.0,0.0,0.0],[0.0,0.03,0.99,1.0,0.91,0.0,0.0,0.0,0.0,0.0,0.0,0.0,0.0,0.0,0.0,0.0,0.0,0.0,0.0,0.0,0.0,0.0,0.0,0.0,0.0,0.0,0.0,0.0,0.0,0.0,0.0,0.0,0.0,0.02,1.0,1.0,0.99,0.03,0.0,0.0,0.0,0.0,0.0,0.0,0.0,0.0,0.0,0.0,0.0,0.0,0.0,0.0,0.0,0.0,0.0,0.0,0.0,0.0,0.0,0.0,0.0,0.0,0.0,0.0],[0.06,0.99,0.99,0.85,0.0,0.0,0.0,0.0,0.0,0.0,0.0,0.0,0.0,0.0,0.0,0.0,0.0,0.0,0.0,0.0,0.0,0.0,0.0,0.0,0.0,0.0,0.0,0.0,0.0,0.0,0.0,0.0,0.0,0.0,0.03,0.99,1.0,0.99,0.0,0.0,0.0,0.0,0.0,0.0,0.0,0.0,0.0,0.0,0.0,0.0,0.0,0.0,0.0,0.0,0.0,0.0,0.0,0.0,0.0,0.0,0.0,0.0,0.0,0.0],[0.98,0.96,0.74,0.0,0.0,0.0,0.0,0.0,0.0,0.0,0.0,0.0,0.0,0.0,0.0,0.0,0.0,0.0,0.0,0.0,0.0,0.0,0.0,0.0,0.0,0.0,0.0,0.0,0.0,0.0,0.0,0.0,0.0,0.0,0.0,0.03,0.99,1.0,0.0,0.0,0.0,0.0,0.0,0.0,0.0,0.0,0.0,0.0,0.0,0.0,0.0,0.0,0.0,0.0,0.0,0.0,0.0,0.0,0.0,0.0,0.0,0.0,0.0,0.0],[0.0,0.0,0.0,0.0,0.0,0.02,0.5,0.83,0.79,0.48,0.01,0.0,0.0,0.0,0.0,0.0,0.0,0.0,0.0,0.0,0.0,0.0,0.06,0.11,0.04,0.0,0.07,0.79,0.91,0.87,0.51,0.0,0.06,0.0,0.0,0.0,0.0,0.0,1.0,1.0,1.0,1.0,1.0,1.0,1.0,1.0,0.92,0.02,0.03,0.02,0.93,1.0,1.0,1.0,0.95,0.94,0.02,0.03,0.03,1.0,1.0,1.0,1.0,1.0],[0.0,0.0,0.0,0.0,0.01,0.02,0.55,0.88,0.74,0.58,0.02,0.0,0.0,0.0,0.0,0.0,0.0,0.0,0.0,0.0,0.0,0.0,0.07,0.14,0.05,0.0,0.1,0.83,0.91,0.83,0.45,0.0,0.09,0.0,0.0,0.0,0.0,0.0,1.0,1.0,1.0,1.0,1.0,1.0,1.0,1.0,0.98,0.28,0.08,0.11,0.99,1.0,1.0,1.0,1.0,0.98,0.16,0.1,0.09,1.0,1.0,1.0,1.0,1.0],[0.0,0.0,0.0,0.0,0.0,0.02,0.7,0.95,0.64,0.76,0.01,0.0,0.0,0.0,0.0,0.0,0.0,0.0,0.0,0.0,0.0,0.0,0.06,0.22,0.05,0.0,0.1,0.92,0.96,0.82,0.27,0.0,0.06,0.0,0.0,0.0,0.0,0.0,1.0,1.0,1.0,1.0,1.0,1.0,1.0,1.0,1.0,0.92,0.46,0.55,1.0,1.0,1.0,1.0,1.0,1.0,0.94,0.49,0.42,1.0,1.0,1.0,1.0,1.0],[0.0,0.0,0.0,0.0,0.0,0.02,0.87,0.97,0.58,0.89,0.0,0.0,0.0,0.0,0.0,0.0,0.0,0.0,0.0,0.0,0.0,0.0,0.07,0.37,0.04,0.0,0.07,0.95,0.97,0.78,0.12,0.0,0.02,0.0,0.0,0.0,0.0,0.0,1.0,1.0,1.0,1.0,1.0,1.0,1.0,1.0,1.0,1.0,0.98,0.96,1.0,1.0,1.0,1.0,1.0,1.0,1.0,0.98,0.99,1.0,1.0,1.0,1.0,1.0],[0.0,0.0,0.0,0.0,0.0,0.02,0.94,0.98,0.33,0.92,0.0,0.0,0.0,0.0,0.0,0.0,0.0,0.0,0.0,0.0,0.0,0.0,0.17,0.8,0.05,0.0,0.06,0.97,0.98,0.52,0.04,0.0,0.01,0.0,0.0,0.0,0.0,0.0,1.0,1.0,1.0,1.0,1.0,1.0,1.0,1.0,1.0,1.0,1.0,1.0,1.0,1.0,1.0,1.0,1.0,1.0,1.0,1.0,1.0,1.0,1.0,1.0,1.0,1.0],[0.0,0.0,0.0,0.0,0.0,0.06,0.94,0.98,0.23,0.91,0.0,0.0,0.0,0.0,0.0,0.0,0.0,0.0,0.0,0.0,0.0,0.0,0.37,0.83,0.05,0.0,0.06,0.97,0.98,0.34,0.02,0.0,0.01,0.0,0.0,0.0,0.0,0.0,1.0,1.0,1.0,1.0,1.0,1.0,1.0,1.0,1.0,1.0,1.0,1.0,1.0,1.0,1.0,1.0,1.0,1.0,1.0,1.0,0.99,1.0,1.0,1.0,1.0,1.0],[0.0,0.0,0.0,0.0,0.0,0.15,0.91,0.97,0.38,0.89,0.0,0.0,0.0,0.0,0.0,0.0,0.0,0.0,0.0,0.0,0.0,0.0,0.19,0.53,0.04,0.0,0.06,0.93,0.95,0.52,0.05,0.0,0.02,0.0,0.0,0.0,0.0,0.0,1.0,1.0,1.0,1.0,1.0,1.0,1.0,1.0,1.0,1.0,1.0,1.0,1.0,1.0,1.0,1.0,1.0,1.0,0.89,0.06,0.09,1.0,1.0,1.0,1.0,1.0],[0.0,0.0,0.0,0.0,0.01,0.38,0.9,0.96,0.25,0.76,0.0,0.0,0.0,0.0,0.0,0.0,0.0,0.0,0.0,0.0,0.0,0.0,0.26,0.48,0.05,0.0,0.05,0.74,0.89,0.32,0.03,0.0,0.02,0.0,0.0,0.0,0.0,0.0,1.0,1.0,1.0,1.0,1.0,1.0,1.0,1.0,1.0,1.0,1.0,1.0,1.0,1.0,1.0,1.0,1.0,1.0,0.01,0.03,0.02,1.0,1.0,1.0,1.0,1.0],[0.0,0.0,0.0,0.0,0.01,0.48,0.9,0.96,0.07,0.61,0.0,0.0,0.0,0.0,0.0,0.0,0.0,0.0,0.0,0.0,0.0,0.0,0.55,0.69,0.07,0.0,0.07,0.68,0.82,0.08,0.01,0.0,0.01,0.0,0.0,0.0,0.0,0.0,0.92,0.98,1.0,1.0,1.0,1.0,1.0,1.0,1.0,1.0,1.0,1.0,1.0,1.0,1.0,1.0,1.0,1.0,0.03,0.12,0.06,1.0,1.0,1.0,1.0,0.98],[0.0,0.0,0.0,0.0,0.02,0.55,0.86,0.92,0.05,0.25,0.0,0.0,0.0,0.0,0.0,0.0,0.0,0.0,0.0,0.0,0.0,0.0,0.48,0.59,0.06,0.0,0.05,0.33,0.42,0.05,0.01,0.0,0.01,0.0,0.0,0.0,0.0,0.0,0.02,0.28,0.92,1.0,1.0,1.0,1.0,1.0,1.0,1.0,1.0,1.0,1.0,1.0,1.0,1.0,1.0,0.04,0.01,0.02,0.01,0.01,0.88,1.0,0.93,0.14],[0.0,0.0,0.0,0.0,0.05,0.5,0.87,0.92,0.03,0.15,0.01,0.0,0.0,0.0,0.0,0.0,0.0,0.0,0.0,0.0,0.0,0.01,0.48,0.53,0.07,0.01,0.04,0.25,0.24,0.03,0.01,0.0,0.01,0.0,0.0,0.0,0.0,0.0,0.03,0.08,0.46,0.98,1.0,1.0,1.0,1.0,1.0,1.0,1.0,1.0,1.0,1.0,1.0,0.98,0.75,0.06,0.01,0.03,0.02,0.01,0.09,0.99,0.38,0.07],[0.0,0.0,0.0,0.0,0.06,0.49,0.81,0.89,0.05,0.16,0.01,0.0,0.0,0.0,0.0,0.0,0.0,0.0,0.0,0.0,0.0,0.01,0.4,0.46,0.08,0.01,0.05,0.24,0.26,0.04,0.01,0.0,0.01,0.0,0.0,0.0,0.0,0.0,0.02,0.11,0.55,0.96,1.0,1.0,1.0,1.0,1.0,1.0,1.0,1.0,1.0,1.0,1.0,1.0,0.57,0.11,0.02,0.02,0.04,0.03,0.07,1.0,0.42,0.08],[0.0,0.0,0.0,0.0,0.01,0.31,0.91,0.97,0.05,0.55,0.0,0.0,0.0,0.0,0.0,0.0,0.0,0.0,0.0,0.0,0.0,0.0,0.74,0.86,0.08,0.0,0.06,0.85,0.88,0.06,0.01,0.0,0.01,0.0,0.0,0.0,0.0,0.0,0.93,0.99,1.0,1.0,1.0,1.0,1.0,1.0,1.0,1.0,1.0,1.0,1.0,1.0,1.0,1.0,1.0,1.0,1.0,0.53,0.76,1.0,1.0,1.0,1.0,1.0],[0.0,0.0,0.0,0.0,0.0,0.11,0.94,0.98,0.08,0.81,0.0,0.0,0.0,0.0,0.0,0.0,0.0,0.0,0.0,0.0,0.0,0.0,0.74,0.92,0.07,0.0,0.06,0.96,0.97,0.09,0.01,0.0,0.01,0.0,0.0,0.0,0.0,0.0,1.0,1.0,1.0,1.0,1.0,1.0,1.0,1.0,1.0,1.0,1.0,1.0,1.0,1.0,1.0,1.0,1.0,1.0,1.0,1.0,0.99,1.0,1.0,1.0,1.0,1.0],[0.0,0.0,0.0,0.0,0.01,0.07,0.93,0.97,0.05,0.62,0.0,0.0,0.0,0.0,0.0,0.0,0.0,0.0,0.0,0.0,0.0,0.0,0.77,0.93,0.12,0.0,0.09,0.96,0.96,0.06,0.01,0.0,0.01,0.0,0.0,0.0,0.0,0.0,1.0,1.0,1.0,1.0,1.0,1.0,1.0,1.0,1.0,1.0,1.0,1.0,1.0,1.0,1.0,1.0,1.0,1.0,1.0,1.0,1.0,1.0,1.0,1.0,1.0,1.0],[0.0,0.0,0.0,0.0,0.01,0.06,0.89,0.97,0.07,0.59,0.0,0.0,0.0,0.0,0.0,0.0,0.0,0.0,0.0,0.0,0.0,0.0,0.58,0.92,0.15,0.0,0.17,0.96,0.98,0.09,0.02,0.0,0.01,0.0,0.0,0.0,0.0,0.0,1.0,1.0,1.0,1.0,1.0,1.0,1.0,1.0,1.0,1.0,0.98,1.0,1.0,1.0,1.0,1.0,1.0,1.0,1.0,1.0,1.0,1.0,1.0,1.0,1.0,1.0],[0.0,0.0,0.0,0.0,0.01,0.07,0.5,0.86,0.05,0.23,0.0,0.0,0.0,0.0,0.0,0.0,0.0,0.0,0.0,0.0,0.0,0.0,0.5,0.91,0.27,0.0,0.36,0.92,0.94,0.07,0.01,0.0,0.01,0.0,0.0,0.0,0.0,0.0,0.95,1.0,1.0,1.0,1.0,1.0,1.0,1.0,1.0,1.0,0.75,0.57,1.0,1.0,1.0,1.0,1.0,1.0,1.0,1.0,1.0,1.0,1.0,1.0,1.0,0.99],[0.0,0.0,0.0,0.0,0.01,0.06,0.38,0.65,0.07,0.15,0.0,0.0,0.0,0.0,0.0,0.0,0.0,0.0,0.0,0.0,0.0,0.0,0.2,0.87,0.34,0.0,0.49,0.91,0.94,0.1,0.02,0.0,0.02,0.0,0.0,0.0,0.0,0.0,0.94,0.98,1.0,1.0,1.0,1.0,1.0,1.0,1.0,0.04,0.06,0.11,1.0,1.0,1.0,1.0,1.0,1.0,1.0,1.0,1.0,1.0,1.0,1.0,1.0,0.97],[0.0,0.0,0.0,0.0,0.02,0.07,0.27,0.29,0.05,0.06,0.0,0.0,0.0,0.0,0.0,0.0,0.0,0.0,0.0,0.0,0.0,0.0,0.12,0.82,0.4,0.0,0.47,0.88,0.85,0.11,0.03,0.0,0.03,0.0,0.0,0.0,0.0,0.0,0.02,0.16,0.94,1.0,1.0,1.0,0.89,0.01,0.03,0.01,0.01,0.02,1.0,1.0,1.0,1.0,1.0,1.0,1.0,1.0,1.0,1.0,1.0,1.0,0.93,0.34],[0.0,0.0,0.0,0.0,0.02,0.06,0.26,0.24,0.06,0.05,0.0,0.0,0.0,0.0,0.0,0.0,0.0,0.0,0.0,0.0,0.0,0.0,0.13,0.79,0.44,0.01,0.45,0.86,0.77,0.11,0.04,0.0,0.03,0.0,0.0,0.0,0.0,0.0,0.03,0.1,0.49,0.98,1.0,1.0,0.06,0.03,0.12,0.02,0.03,0.02,0.53,1.0,1.0,1.0,1.0,1.0,1.0,1.0,1.0,1.0,1.0,1.0,0.64,0.14],[0.0,0.0,0.0,0.0,0.02,0.07,0.27,0.25,0.06,0.06,0.0,0.0,0.0,0.0,0.0,0.0,0.0,0.0,0.0,0.0,0.0,0.0,0.16,0.82,0.45,0.01,0.46,0.84,0.71,0.1,0.04,0.0,0.03,0.0,0.0,0.0,0.0,0.0,0.03,0.09,0.42,0.99,1.0,0.99,0.09,0.02,0.06,0.01,0.02,0.04,0.76,0.99,1.0,1.0,1.0,1.0,1.0,1.0,1.0,1.0,1.0,1.0,0.55,0.1],[0.0,0.0,0.0,0.0,0.01,0.04,0.33,0.72,0.11,0.22,0.0,0.0,0.0,0.0,0.0,0.0,0.0,0.0,0.0,0.0,0.0,0.0,0.09,0.8,0.25,0.0,0.46,0.92,0.94,0.16,0.04,0.0,0.02,0.0,0.0,0.0,0.0,0.0,1.0,1.0,1.0,1.0,1.0,1.0,1.0,1.0,1.0,0.01,0.01,0.03,1.0,1.0,1.0,1.0,1.0,1.0,1.0,1.0,1.0,1.0,1.0,1.0,1.0,1.0],[0.0,0.0,0.0,0.0,0.0,0.03,0.59,0.94,0.17,0.55,0.0,0.0,0.0,0.0,0.0,0.0,0.0,0.0,0.0,0.0,0.0,0.0,0.09,0.79,0.14,0.0,0.27,0.95,0.97,0.23,0.04,0.0,0.02,0.0,0.0,0.0,0.0,0.0,1.0,1.0,1.0,1.0,1.0,1.0,1.0,1.0,1.0,0.88,0.09,0.07,1.0,1.0,1.0,1.0,1.0,1.0,1.0,1.0,1.0,1.0,1.0,1.0,1.0,1.0],[0.0,0.0,0.0,0.0,0.0,0.04,0.91,0.98,0.17,0.81,0.0,0.0,0.0,0.0,0.0,0.0,0.0,0.0,0.0,0.0,0.0,0.0,0.24,0.88,0.11,0.0,0.14,0.96,0.98,0.22,0.03,0.0,0.01,0.0,0.0,0.0,0.0,0.0,1.0,1.0,1.0,1.0,1.0,1.0,1.0,1.0,1.0,1.0,0.99,1.0,1.0,1.0,1.0,1.0,1.0,1.0,1.0,1.0,1.0,1.0,1.0,1.0,1.0,1.0],[0.0,0.0,0.0,0.0,0.0,0.02,0.73,0.96,0.62,0.74,0.01,0.0,0.0,0.0,0.0,0.0,0.0,0.0,0.0,0.0,0.0,0.0,0.07,0.24,0.05,0.0,0.1,0.92,0.96,0.81,0.23,0.0,0.05,0.0,0.0,0.0,0.0,0.0,1.0,1.0,1.0,1.0,1.0,1.0,1.0,1.0,1.0,0.93,0.38,0.42,1.0,1.0,1.0,1.0,1.0,1.0,0.93,0.64,0.55,1.0,1.0,1.0,1.0,1.0],[0.0,0.0,0.0,0.0,0.01,0.02,0.54,0.87,0.72,0.56,0.02,0.0,0.0,0.0,0.0,0.0,0.0,0.0,0.0,0.0,0.0,0.0,0.07,0.14,0.05,0.0,0.1,0.83,0.92,0.84,0.39,0.0,0.07,0.0,0.0,0.0,0.0,0.0,1.0,1.0,1.0,1.0,1.0,1.0,1.0,1.0,0.98,0.14,0.07,0.08,1.0,1.0,1.0,1.0,0.99,0.97,0.34,0.14,0.1,1.0,1.0,1.0,1.0,1.0]],
