{
  "atom_chain_ids": ["A","A","A","A","A","A","A","A","A","A","A","A","A","A","A","A","A","A","A","A","A","A","A","A","A","A","A","A","A","A","A","A","A","A","A","A","A","A","A","A","A","A","A","A","A","A","A","A","A","A","A","A","A","A","A","A","A","A","A","A","A","A","A","A","A","A","A","A","A","A","A","A","A","A","A","A","A","A","A","A","A","A","A","A","A","A","A","A","A","A","A","A","A","A","A","A","A","A","A","A","A","A","A","A","A","A","A","A","A","A","A","A","A","A","A","A","A","A","A","A","A","A","A","A","A","A","A","A","A","A","A","A","A","A","A","A","A","A","A","A","A","A","A","A","A","A","A","A","A","A","A","A","A","A","A","A","A","A","A","A","A","A","A","A","A","A","A","A","A","A","A","A","A","A","A","A","A","A","A","A","A","A","A","A","A","A","A","A","A","A","A","A","A","A","A","A","A","A","A","A","A","A","A","A","A","A","A","A","A","A","A","A","A","A","A","A","A","A","A","A","A","A","A","A","A","A","A","A","A","A","A","A","A","A","A","A","A","A","A","A","A","A","A","A","A","A","A","A","A","A","A","A","A","A","A","A","A","A","A","A","A","A","A","A","A","A","A","A","A","A","A","A","A","A","A","A","A","A","A","A","A","A","A","A","A","A","A","A","A","A","A","A","A","A","A","A","A","A","A","A","A","A","A","A","A","A","A","A","A","A","A","A","A","A","A","A","A","A","A","A","A","A","A","A","A","A","A","A","A","A","A","A","A","A","A","A","A","A","A","A","A","A","A","A","A","A","A","A","A","A","A","A","A","A","A","A","A","A","A","A","A","A","A","A","A","A","A","A","A","A","A","A","A","A","A","A","A","A","A","A","A","A","A","A","A","A","A","A","A","A","A","A","A","A","A","A","A","A","A","A","A","A","A","A","A","A","A","A","A","A","A","A","A","A","A","A","A","A","A","A","A","A","A","A","A","A","A","A","A","A","A","A","A","A","A","A","A","A","A","A","A","A","A","A","A","A","A","A","A","A","A","A","A","A","A","A","A","A","A","A","A","A","A","A","A","A","A","A","A","A","A","A","A","A","A","A","A","A","A","A","A","A","A","A","A","A","A","A","A","A","A","A","A","A","A","A","A","A","A","A","A","A","A","A","A","A","A","A","A","A","A","A","A","A","A","A","A","A","A","A","A","A","A","A","A","A","A","A","A","A","A","A","A","A","A","A","A","A","A","A","A","A","A","A","A","A","A","A","A","A","A","A","A","A","A","A","A","A","A","A","A","A","A","A","A","A","A","A","A","A","A","A","A","A","A","A","A","A","A","A","A","A","A","A","A","A","A","A","A","A","A","A","A","A","A","A","A","A","A","A","A","A","A","A","A","A","A","A","A","A","A","A","A","A","A","A","A","A","A","A","A","A","A","A","A","A","A","A","A","A","A","A","A","A","A","A","A","A","A","A","A","A","A","A","A","A","A","A","A","A","A","A","A","A","A","A","A","A","A","A","A","A","A","A","A","A","A","A","A","A","A","A","A","A","A","A","A","A","A","A","A","A","A","A","A","A","A","A","A","A","A","A","A","A","A","A","A","A","A","A","A","A","A","A","A","A","A","A","A","A","A","A","A","A","A","A","A","A","A","A","A","A","A","A","A","A","A","A","A","A","A","A","A","A","A","A","A","A","A","A","A","A","A","A","A","A","A","A","A","A","A","A","A","A","A","A","A","A","A","A","A","A","A","A","A","A","A","A","A","A","A","A","A","A","A","A","A","A","A","A","A","A","A","A","A","A","A","A","A","A","A","A","A","A","A","A","A","A","A","A","A","A","A","A","A","A","A","A","A","A","A","A","A","A","A","A","A","A","A","A","B","B","B","B","B","B","B","B","B","B","B","B","B","B","B","B","B","B","B","B","B","B","B","B","B","B"],
  "atom_plddts": [54.67,56.81,51.92,54.94,58.07,59.11,62.36,62.96,63.53,62.96,62.05,60.85,62.41,62.3,61.98,61.88,61.89,61.2,60.36,60.9,61.23,60.84,62.52,64.59,61.69,58.31,60.41,62.47,62.8,64.07,64.66,65.46,64.22,64.92,63.82,64.86,65.9,66.76,66.93,67.09,66.67,66.07,66.77,66.43,65.84,66.46,66.66,67.91,65.87,67.39,67.45,67.75,69.03,69.66,69.49,68.48,69.94,68.65,69.64,70.9,71.34,71.34,72.19,71.83,71.34,71.4,70.95,71.22,71.97,73.22,70.65,72.34,73.08,73.3,75.05,76.11,76.07,75.38,76.1,74.55,76.03,77.17,76.64,75.95,77.03,77.17,76.56,76.83,76.93,75.87,73.69,75.39,76.01,75.83,78.13,78.5,78.46,77.88,78.63,77.43,78.64,79.6,79.07,78.43,79.42,79.49,78.97,79.18,79.21,78.52,76.76,78.19,78.68,78.36,80.49,80.92,80.79,80.31,80.92,79.79,80.91,81.63,81.06,80.44,81.26,81.22,80.74,80.98,81.06,79.14,77.7,78.36,78.94,78.63,80.27,80.27,80.18,79.49,79.91,78.61,80.42,81.09,80.42,79.62,80.67,80.81,80.17,80.38,80.4,78.38,75.15,75.64,78.31,79.74,81.68,82.0,82.38,81.54,81.46,80.28,82.37,82.93,81.6,81.39,82.28,81.94,81.07,81.65,81.65,81.62,82.58,82.85,79.85,78.31,78.78,78.2,77.11,78.67,78.85,79.83,78.35,78.18,74.98,78.04,77.9,75.62,74.19,75.99,75.06,73.63,73.59,73.83,73.32,76.49,78.56,75.38,76.34,79.11,79.59,81.72,82.04,82.02,81.46,82.1,81.12,82.37,83.05,82.59,82.12,83.02,83.11,82.53,82.88,82.98,82.1,80.8,81.69,82.24,82.02,83.09,83.42,83.22,82.81,83.27,82.16,83.34,83.97,83.59,83.01,83.71,83.74,83.25,83.49,83.61,83.41,82.4,83.15,82.99,82.75,84.01,84.38,84.4,83.8,84.05,82.75,83.92,84.38,84.12,83.85,84.32,83.94,83.51,83.93,83.72,83.12,83.98,84.31,81.19,81.27,81.96,80.15,79.23,80.3,80.56,80.26,79.42,79.71,78.18,79.72,80.26,80.52,80.14,80.51,80.13,79.75,80.24,79.93,78.83,79.65,80.11,81.3,81.13,81.64,80.6,79.19,80.77,80.68,80.69,80.14,80.31,78.74,80.48,81.2,80.85,79.82,80.47,80.3,79.58,80.29,80.52,82.01,80.69,80.75,81.18,80.23,81.72,81.86,82.1,81.32,81.58,79.79,81.83,82.38,81.73,81.1,81.78,81.14,79.97,81.17,81.18,80.01,81.64,82.29,81.72,80.38,80.45,79.8,77.62,80.01,80.07,81.76,80.52,79.64,76.98,78.65,78.28,75.79,74.64,75.32,73.63,72.15,72.83,73.27,73.44,76.59,77.32,74.88,75.48,76.57,75.31,76.72,76.55,77.49,76.06,75.78,73.49,75.74,76.2,74.86,73.83,74.96,74.36,72.94,73.87,73.8,71.73,74.29,76.14,73.14,71.18,72.6,72.78,71.35,71.95,71.76,73.06,71.31,70.74,69.23,71.32,71.8,70.21,69.36,70.78,69.79,68.54,68.66,68.59,68.39,71.22,75.35,72.13,73.06,75.79,76.76,78.72,79.41,79.4,78.64,79.44,77.87,79.54,80.47,80.02,79.89,80.79,80.44,79.68,80.21,80.0,79.92,80.62,80.78,81.14,78.72,79.79,81.6,81.03,83.44,83.85,83.51,83.27,83.81,82.63,83.85,84.45,84.04,83.43,84.22,84.18,83.58,84.08,84.31,84.79,84.27,84.95,84.18,83.1,84.48,84.56,84.13,83.69,83.99,82.67,84.2,84.71,84.74,83.95,84.69,84.77,84.33,84.68,84.63,83.89,82.94,83.78,83.05,82.64,83.67,83.97,83.9,83.3,83.86,82.65,83.98,84.54,84.51,84.19,84.81,84.65,84.18,84.4,84.11,84.04,84.58,82.83,80.95,81.36,82.22,82.58,83.99,84.09,84.16,83.42,83.81,82.66,84.47,85.01,84.72,84.48,85.27,85.25,84.67,85.06,84.75,84.43,85.13,85.3,81.34,79.06,79.25,79.9,79.92,82.04,82.25,83.01,81.7,80.97,77.83,81.58,81.62,79.0,77.28,79.15,78.66,76.8,77.77,78.05,75.95,79.6,81.06,78.01,75.15,75.39,76.84,75.73,77.67,77.83,79.07,77.46,76.84,73.05,76.98,76.66,72.89,69.5,72.23,71.75,69.2,70.58,72.21,78.76,75.72,75.74,77.99,78.24,80.42,81.11,81.56,80.64,81.29,79.55,81.21,81.68,79.96,79.35,80.69,80.11,78.88,79.23,79.25,79.66,81.32,79.46,76.84,77.34,78.59,78.95,80.75,81.39,81.67,80.82,81.48,79.68,81.6,82.22,81.0,80.37,81.49,81.14,79.96,80.46,80.38,80.41,81.87,80.05,76.55,77.27,80.28,80.55,82.72,83.19,83.15,82.54,83.07,81.83,83.55,84.09,83.36,82.68,83.64,83.69,82.91,83.43,83.62,79.68,77.08,77.33,78.81,79.66,81.79,82.27,82.42,81.53,81.67,80.26,82.48,83.13,82.45,82.2,82.99,82.73,81.94,82.44,82.26,81.99,83.01,83.28,77.01,75.42,76.71,75.11,74.62,76.74,77.17,78.08,76.6,76.66,73.35,76.66,77.15,74.84,73.5,75.07,74.39,72.86,73.19,73.26,72.76,75.55,73.52,70.84,71.77,72.5,73.04,74.32,75.1,75.7,74.06,74.88,72.14,74.75,75.59,73.6,72.69,74.45,74.04,72.57,72.79,72.7,72.66,75.02,69.78,66.79,68.33,70.08,69.14,69.95,70.01,72.19,70.69,68.07,65.4,68.21,67.24,63.88,61.04,61.84,60.87,59.02,61.14,63.72,69.76,65.83,67.02,70.44,72.24,74.16,75.73,75.74,75.2,75.95,74.71,76.01,77.16,76.56,76.59,77.24,76.85,76.15,76.68,76.48,76.57,77.18,77.17,72.28,70.6,71.52,72.12,72.47,73.74,74.78,74.56,73.67,75.05,73.57,74.83,75.86,75.69,75.56,75.97,75.56,75.05,75.52,75.22,74.93,75.55,75.74,74.4,73.58,74.26,73.52,73.53,74.38,75.05,74.88,73.81,75.44,73.8,74.78,75.69,75.65,75.38,75.88,75.34,74.87,75.18,74.92,75.17,75.86,74.46,73.29,73.88,73.34,73.02,74.11,75.21,75.04,74.65,75.0,72.75,74.58,75.51,75.11,74.02,74.66,74.58,73.9,74.61,74.94,74.26,73.31,73.51,73.48,72.18,73.54,73.94,73.74,73.46,73.19,71.54,73.07,73.79,73.84,72.54,73.21,73.03,72.17,73.17,73.57,74.03,73.85,73.68,72.86,71.71,72.95,72.43,72.62,71.93,71.06,69.64,71.08,71.45,71.25,69.59,70.13,69.81,68.87,70.16,71.04,78.91,77.31,79.64,85.7,87.03,86.66,84.72,82.7,82.52,80.19,72.46,73.82,84.67,86.78,87.06,86.42,84.36,82.93,79.81,72.41,72.49,83.62,85.37,86.81,80.35,77.72],
  "contact_probs": [[1.0,0.99,0.13,0.0,0.0,0.0,0.0,0.0,0.0,0.0,0.0,0.0,0.0,0.0,0.0,0.0,0.0,0.0,0.0,0.0,0.0,0.0,0.0,0.0,0.0,0.0,0.0,0.0,0.0,0.0,0.0,0.0,0.0,0.0,0.0,0.0,0.06,0.98,0.0,0.0,0.0,0.0,0.0,0.0,0.0,0.0,0.0,0.0,0.0,0.0,0.0,0.0,0.0,0.0,0.0,0.0,0.0,0.0,0.0,0.0,0.0,0.0,0.0,0.0],[0.99,1.0,1.0,0.05,0.0,0.0,0.0,0.0,0.0,0.0,0.0,0.0,0.0,0.0,0.0,0.0,0.0,0.0,0.0,0.0,0.0,0.0,0.0,0.0,0.0,0.0,0.0,0.0,0.0,0.0,0.0,0.0,0.0,0.0,0.0,0.03,0.99,0.96,0.0,0.0,0.0,0.0,0.0,0.0,0.0,0.0,0.0,0.0,0.0,0.0,0.0,0.0,0.0,0.0,0.0,0.0,0.0,0.0,0.0,0.0,0.0,0.0,0.0,0.0],[0.13,1.0,1.0,1.0,0.03,0.0,0.0,0.0,0.0,0.0,0.0,0.0,0.0,0.0,0.0,0.0,0.0,0.0,0.0,0.0,0.0,0.0,0.0,0.0,0.0,0.0,0.0,0.0,0.0,0.0,0.0,0.0,0.0,0.0,0.02,0.99,0.99,0.73,0.0,0.0,0.0,0.0,0.0,0.0,0.0,0.0,0.0,0.0,0.0,0.0,0.0,0.0,0.0,0.0,0.0,0.0,0.0,0.0,0.0,0.0,0.0,0.0,0.0,0.0],[0.0,0.05,1.0,1.0,1.0,0.02,0.0,0.0,0.0,0.0,0.0,0.0,0.0,0.0,0.0,0.0,0.0,0.0,0.0,0.0,0.0,0.0,0.0,0.0,0.0,0.0,0.0,0.0,0.0,0.0,0.0,0.0,0.0,0.02,0.99,1.0,0.85,0.0,0.0,0.0,0.0,0.0,0.0,0.0,0.0,0.0,0.0,0.0,0.0,0.0,0.0,0.0,0.0,0.0,0.0,0.0,0.0,0.0,0.0,0.0,0.0,0.0,0.0,0.0],[0.0,0.0,0.03,1.0,1.0,1.0,0.41,0.0,0.0,0.0,0.0,0.0,0.0,0.0,0.0,0.0,0.0,0.0,0.0,0.0,0.0,0.0,0.0,0.01,0.0,0.0,0.0,0.0,0.01,0.0,0.0,0.0,0.02,0.99,0.99,0.91,0.0,0.0,0.01,0.01,0.0,0.0,0.0,0.0,0.0,0.01,0.01,0.03,0.06,0.05,0.01,0.0,0.01,0.01,0.01,0.01,0.02,0.02,0.03,0.01,0.0,0.0,0.0,0.01],[0.0,0.0,0.0,0.02,1.0,1.0,0.99,0.0,0.0,0.0,0.0,0.0,0.0,0.0,0.0,0.0,0.0,0.0,0.0,0.0,0.0,0.0,0.0,0.01,0.0,0.0,0.0,0.0,0.09,0.01,0.02,0.0,0.99,0.99,0.87,0.0,0.0,0.0,0.02,0.02,0.03,0.02,0.02,0.07,0.16,0.38,0.49,0.56,0.49,0.5,0.34,0.13,0.09,0.07,0.07,0.06,0.07,0.07,0.07,0.04,0.03,0.04,0.03,0.02],[0.0,0.0,0.0,0.0,0.41,0.99,1.0,0.78,0.06,0.0,0.0,0.0,0.0,0.0,0.0,0.0,0.0,0.0,0.0,0.0,0.0,0.0,0.0,0.03,0.0,0.0,0.0,0.01,0.99,0.5,0.63,0.01,0.97,0.71,0.0,0.0,0.0,0.0,0.48,0.53,0.68,0.86,0.94,0.93,0.91,0.9,0.9,0.86,0.81,0.87,0.91,0.94,0.93,0.89,0.53,0.4,0.29,0.27,0.27,0.34,0.59,0.92,0.72,0.52],[0.0,0.0,0.0,0.0,0.0,0.0,0.78,1.0,0.59,0.99,0.45,0.0,0.0,0.0,0.0,0.0,0.0,0.0,0.0,0.0,0.0,0.01,0.8,0.21,0.01,0.0,0.01,0.99,0.24,0.15,0.01,0.0,0.0,0.0,0.0,0.0,0.0,0.0,0.83,0.87,0.95,0.97,0.98,0.98,0.97,0.96,0.96,0.92,0.88,0.91,0.97,0.98,0.97,0.97,0.86,0.64,0.3,0.24,0.25,0.71,0.93,0.98,0.95,0.86],[0.0,0.0,0.0,0.0,0.0,0.0,0.06,0.59,1.0,0.21,0.0,0.0,0.0,0.0,0.0,0.0,0.0,0.0,0.0,0.0,0.0,0.0,0.01,0.01,0.0,0.0,0.01,0.1,0.12,0.91,0.35,0.0,0.0,0.0,0.0,0.0,0.0,0.0,0.77,0.73,0.62,0.55,0.32,0.23,0.38,0.26,0.08,0.05,0.05,0.04,0.05,0.08,0.05,0.08,0.05,0.07,0.05,0.06,0.06,0.11,0.17,0.16,0.61,0.71],[0.0,0.0,0.0,0.0,0.0,0.0,0.0,0.99,0.21,1.0,1.0,0.05,0.0,0.0,0.0,0.0,0.0,0.0,0.0,0.0,0.0,0.09,0.99,0.11,0.04,0.02,0.5,0.97,0.01,0.02,0.0,0.0,0.0,0.0,0.0,0.0,0.0,0.0,0.49,0.58,0.75,0.89,0.92,0.92,0.88,0.76,0.6,0.26,0.17,0.15,0.56,0.81,0.62,0.6,0.23,0.15,0.07,0.05,0.06,0.22,0.54,0.8,0.74,0.55],[0.0,0.0,0.0,0.0,0.0,0.0,0.0,0.45,0.0,1.0,1.0,1.0,0.23,0.0,0.0,0.0,0.0,0.0,0.0,0.0,0.08,0.99,0.99,0.04,0.07,0.87,0.92,0.78,0.0,0.0,0.0,0.0,0.0,0.0,0.0,0.0,0.0,0.0,0.02,0.02,0.01,0.0,0.0,0.0,0.0,0.0,0.0,0.0,0.01,0.01,0.0,0.0,0.0,0.0,0.0,0.0,0.0,0.0,0.0,0.0,0.0,0.0,0.01,0.02],[0.0,0.0,0.0,0.0,0.0,0.0,0.0,0.0,0.0,0.05,1.0,1.0,1.0,0.14,0.0,0.0,0.0,0.0,0.0,0.06,1.0,1.0,0.71,0.0,0.01,0.75,0.17,0.0,0.0,0.0,0.0,0.0,0.0,0.0,0.0,0.0,0.0,0.0,0.0,0.0,0.0,0.0,0.0,0.0,0.0,0.0,0.0,0.0,0.0,0.0,0.0,0.0,0.0,0.0,0.0,0.0,0.0,0.0,0.0,0.0,0.0,0.0,0.0,0.0],[0.0,0.0,0.0,0.0,0.0,0.0,0.0,0.0,0.0,0.0,0.23,1.0,1.0,1.0,0.37,0.0,0.0,0.0,0.06,0.99,1.0,0.87,0.0,0.0,0.0,0.01,0.0,0.0,0.0,0.0,0.0,0.0,0.0,0.0,0.0,0.0,0.0,0.0,0.0,0.0,0.0,0.0,0.0,0.0,0.0,0.0,0.0,0.0,0.0,0.0,0.0,0.0,0.0,0.0,0.0,0.0,0.0,0.0,0.0,0.0,0.0,0.0,0.0,0.0],[0.0,0.0,0.0,0.0,0.0,0.0,0.0,0.0,0.0,0.0,0.0,0.14,1.0,1.0,1.0,0.0,0.01,0.01,0.99,1.0,0.86,0.0,0.0,0.0,0.0,0.0,0.0,0.0,0.0,0.0,0.0,0.0,0.0,0.0,0.0,0.0,0.0,0.0,0.0,0.0,0.0,0.0,0.0,0.0,0.0,0.0,0.0,0.0,0.0,0.0,0.0,0.0,0.0,0.0,0.0,0.0,0.0,0.0,0.0,0.0,0.0,0.0,0.0,0.0],[0.0,0.0,0.0,0.0,0.0,0.0,0.0,0.0,0.0,0.0,0.0,0.0,0.37,1.0,1.0,0.15,0.95,0.89,0.99,0.8,0.0,0.0,0.0,0.0,0.0,0.0,0.0,0.0,0.0,0.0,0.0,0.0,0.0,0.0,0.0,0.0,0.0,0.0,0.0,0.0,0.0,0.0,0.0,0.0,0.0,0.0,0.0,0.0,0.0,0.0,0.0,0.0,0.0,0.0,0.0,0.0,0.0,0.0,0.0,0.0,0.0,0.0,0.0,0.0],[0.0,0.0,0.0,0.0,0.0,0.0,0.0,0.0,0.0,0.0,0.0,0.0,0.0,0.0,0.15,1.0,0.99,0.52,0.0,0.0,0.0,0.0,0.0,0.0,0.0,0.0,0.0,0.0,0.0,0.0,0.0,0.0,0.0,0.0,0.0,0.0,0.0,0.0,0.0,0.0,0.0,0.0,0.0,0.0,0.0,0.0,0.0,0.0,0.0,0.0,0.0,0.0,0.0,0.0,0.0,0.0,0.0,0.0,0.0,0.0,0.0,0.0,0.0,0.0],[0.0,0.0,0.0,0.0,0.0,0.0,0.0,0.0,0.0,0.0,0.0,0.0,0.0,0.01,0.95,0.99,1.0,0.99,0.73,0.0,0.0,0.0,0.0,0.0,0.0,0.0,0.0,0.0,0.0,0.0,0.0,0.0,0.0,0.0,0.0,0.0,0.0,0.0,0.0,0.0,0.0,0.0,0.0,0.0,0.0,0.0,0.0,0.0,0.0,0.0,0.0,0.0,0.0,0.0,0.0,0.0,0.0,0.0,0.0,0.0,0.0,0.0,0.0,0.0],[0.0,0.0,0.0,0.0,0.0,0.0,0.0,0.0,0.0,0.0,0.0,0.0,0.0,0.01,0.89,0.52,0.99,1.0,0.99,0.12,0.0,0.0,0.0,0.0,0.0,0.0,0.0,0.0,0.0,0.0,0.0,0.0,0.0,0.0,0.0,0.0,0.0,0.0,0.0,0.0,0.0,0.0,0.0,0.0,0.0,0.0,0.0,0.0,0.0,0.0,0.0,0.0,0.0,0.0,0.0,0.0,0.0,0.0,0.0,0.0,0.0,0.0,0.0,0.0],[0.0,0.0,0.0,0.0,0.0,0.0,0.0,0.0,0.0,0.0,0.0,0.0,0.06,0.99,0.99,0.0,0.73,0.99,1.0,1.0,0.06,0.0,0.0,0.0,0.0,0.0,0.0,0.0,0.0,0.0,0.0,0.0,0.0,0.0,0.0,0.0,0.0,0.0,0.0,0.0,0.0,0.0,0.0,0.0,0.0,0.0,0.0,0.0,0.0,0.0,0.0,0.0,0.0,0.0,0.0,0.0,0.0,0.0,0.0,0.0,0.0,0.0,0.0,0.0],[0.0,0.0,0.0,0.0,0.0,0.0,0.0,0.0,0.0,0.0,0.0,0.06,0.99,1.0,0.8,0.0,0.0,0.12,1.0,1.0,1.0,0.22,0.0,0.0,0.0,0.0,0.0,0.0,0.0,0.0,0.0,0.0,0.0,0.0,0.0,0.0,0.0,0.0,0.0,0.0,0.0,0.0,0.0,0.0,0.0,0.0,0.0,0.0,0.0,0.0,0.0,0.0,0.0,0.0,0.0,0.0,0.0,0.0,0.0,0.0,0.0,0.0,0.0,0.0],[0.0,0.0,0.0,0.0,0.0,0.0,0.0,0.0,0.0,0.0,0.08,1.0,1.0,0.86,0.0,0.0,0.0,0.0,0.06,1.0,1.0,1.0,0.22,0.0,0.0,0.0,0.0,0.0,0.0,0.0,0.0,0.0,0.0,0.0,0.0,0.0,0.0,0.0,0.0,0.0,0.0,0.0,0.0,0.0,0.0,0.0,0.0,0.0,0.0,0.0,0.0,0.0,0.0,0.0,0.0,0.0,0.0,0.0,0.0,0.0,0.0,0.0,0.0,0.0],[0.0,0.0,0.0,0.0,0.0,0.0,0.0,0.01,0.0,0.09,0.99,1.0,0.87,0.0,0.0,0.0,0.0,0.0,0.0,0.22,1.0,1.0,1.0,0.03,0.04,0.17,0.02,0.0,0.0,0.0,0.0,0.0,0.0,0.0,0.0,0.0,0.0,0.0,0.0,0.0,0.0,0.0,0.0,0.0,0.0,0.0,0.0,0.0,0.0,0.01,0.0,0.0,0.0,0.0,0.0,0.0,0.0,0.0,0.0,0.0,0.0,0.0,0.0,0.0],[0.0,0.0,0.0,0.0,0.0,0.0,0.0,0.8,0.01,0.99,0.99,0.71,0.0,0.0,0.0,0.0,0.0,0.0,0.0,0.0,0.22,1.0,1.0,0.76,0.2,0.35,0.62,0.77,0.0,0.0,0.0,0.0,0.0,0.0,0.0,0.0,0.0,0.0,0.06,0.07,0.07,0.07,0.17,0.36,0.19,0.24,0.53,0.45,0.37,0.46,0.72,0.72,0.75,0.56,0.48,0.2,0.12,0.13,0.16,0.09,0.09,0.24,0.07,0.07],[0.0,0.0,0.0,0.0,0.01,0.01,0.03,0.21,0.01,0.11,0.04,0.0,0.0,0.0,0.0,0.0,0.0,0.0,0.0,0.0,0.0,0.03,0.76,1.0,0.44,0.03,0.25,0.67,0.19,0.0,0.0,0.0,0.0,0.0,0.0,0.0,0.0,0.0,0.12,0.15,0.24,0.38,0.79,0.83,0.53,0.48,0.68,0.57,0.44,0.52,0.85,0.91,0.92,0.92,0.91,0.87,0.81,0.79,0.83,0.8,0.79,0.88,0.26,0.15],[0.0,0.0,0.0,0.0,0.0,0.0,0.0,0.01,0.0,0.04,0.07,0.01,0.0,0.0,0.0,0.0,0.0,0.0,0.0,0.0,0.0,0.04,0.2,0.44,1.0,0.65,0.73,0.48,0.01,0.0,0.0,0.0,0.0,0.0,0.0,0.0,0.0,0.0,0.04,0.05,0.05,0.05,0.05,0.05,0.04,0.05,0.06,0.06,0.08,0.06,0.07,0.07,0.11,0.14,0.26,0.32,0.38,0.42,0.44,0.24,0.14,0.1,0.05,0.05],[0.0,0.0,0.0,0.0,0.0,0.0,0.0,0.0,0.0,0.02,0.87,0.75,0.01,0.0,0.0,0.0,0.0,0.0,0.0,0.0,0.0,0.17,0.35,0.03,0.65,1.0,0.97,0.08,0.0,0.0,0.0,0.0,0.0,0.0,0.0,0.0,0.0,0.0,0.0,0.0,0.0,0.0,0.0,0.0,0.0,0.0,0.0,0.0,0.01,0.01,0.0,0.0,0.0,0.0,0.0,0.0,0.0,0.01,0.01,0.0,0.0,0.0,0.0,0.0],[0.0,0.0,0.0,0.0,0.0,0.0,0.0,0.01,0.01,0.5,0.92,0.17,0.0,0.0,0.0,0.0,0.0,0.0,0.0,0.0,0.0,0.02,0.62,0.25,0.73,0.97,1.0,0.97,0.0,0.0,0.0,0.0,0.0,0.0,0.0,0.0,0.0,0.0,0.08,0.11,0.11,0.08,0.06,0.06,0.06,0.05,0.07,0.05,0.05,0.04,0.06,0.07,0.08,0.16,0.33,0.48,0.45,0.44,0.45,0.44,0.27,0.14,0.1,0.11],[0.0,0.0,0.0,0.0,0.0,0.0,0.01,0.99,0.1,0.97,0.78,0.0,0.0,0.0,0.0,0.0,0.0,0.0,0.0,0.0,0.0,0.0,0.77,0.67,0.48,0.08,0.97,1.0,0.68,0.02,0.0,0.0,0.0,0.0,0.0,0.0,0.0,0.0,0.79,0.83,0.92,0.95,0.97,0.97,0.92,0.73,0.67,0.33,0.25,0.24,0.84,0.96,0.96,0.96,0.92,0.91,0.88,0.86,0.84,0.92,0.95,0.96,0.92,0.83],[0.0,0.0,0.0,0.0,0.01,0.09,0.99,0.24,0.12,0.01,0.0,0.0,0.0,0.0,0.0,0.0,0.0,0.0,0.0,0.0,0.0,0.0,0.0,0.19,0.01,0.0,0.0,0.68,1.0,0.78,0.6,0.01,0.77,0.01,0.0,0.0,0.0,0.0,0.91,0.9,0.96,0.97,0.98,0.98,0.95,0.88,0.82,0.41,0.26,0.25,0.88,0.96,0.96,0.98,0.94,0.94,0.85,0.76,0.72,0.94,0.98,0.98,0.96,0.91],[0.0,0.0,0.0,0.0,0.0,0.01,0.5,0.15,0.91,0.02,0.0,0.0,0.0,0.0,0.0,0.0,0.0,0.0,0.0,0.0,0.0,0.0,0.0,0.0,0.0,0.0,0.0,0.02,0.78,1.0,0.95,0.01,0.54,0.0,0.0,0.0,0.0,0.0,0.86,0.81,0.8,0.77,0.5,0.33,0.51,0.31,0.09,0.06,0.04,0.04,0.07,0.09,0.06,0.09,0.07,0.1,0.11,0.11,0.1,0.16,0.24,0.22,0.79,0.82],[0.0,0.0,0.0,0.0,0.0,0.02,0.63,0.01,0.35,0.0,0.0,0.0,0.0,0.0,0.0,0.0,0.0,0.0,0.0,0.0,0.0,0.0,0.0,0.0,0.0,0.0,0.0,0.0,0.6,0.95,1.0,0.06,0.97,0.1,0.0,0.0,0.0,0.0,0.49,0.43,0.27,0.13,0.04,0.03,0.05,0.04,0.01,0.01,0.01,0.01,0.01,0.01,0.01,0.02,0.01,0.03,0.03,0.04,0.04,0.04,0.04,0.03,0.24,0.39],[0.0,0.0,0.0,0.0,0.0,0.0,0.01,0.0,0.0,0.0,0.0,0.0,0.0,0.0,0.0,0.0,0.0,0.0,0.0,0.0,0.0,0.0,0.0,0.0,0.0,0.0,0.0,0.0,0.01,0.01,0.06,1.0,0.02,0.01,0.0,0.0,0.0,0.0,0.0,0.0,0.0,0.0,0.0,0.0,0.0,0.0,0.0,0.0,0.0,0.0,0.0,0.0,0.0,0.0,0.0,0.0,0.0,0.0,0.0,0.0,0.0,0.0,0.0,0.0],[0.0,0.0,0.0,0.0,0.02,0.99,0.97,0.0,0.0,0.0,0.0,0.0,0.0,0.0,0.0,0.0,0.0,0.0,0.0,0.0,0.0,0.0,0.0,0.0,0.0,0.0,0.0,0.0,0.77,0.54,0.97,0.02,1.0,1.0,0.04,0.0,0.0,0.0,0.06,0.09,0.06,0.02,0.01,0.01,0.02,0.02,0.01,0.01,0.01,0.02,0.01,0.01,0.01,0.01,0.01,0.02,0.03,0.03,0.03,0.02,0.02,0.01,0.05,0.07],[0.0,0.0,0.0,0.02,0.99,0.99,0.71,0.0,0.0,0.0,0.0,0.0,0.0,0.0,0.0,0.0,0.0,0.0,0.0,0.0,0.0,0.0,0.0,0.0,0.0,0.0,0.0,0.0,0.01,0.0,0.1,0.01,1.0,1.0,1.0,0.02,0.0,0.0,0.0,0.0,0.0,0.0,0.0,0.0,0.0,0.0,0.0,0.0,0.0,0.0,0.0,0.0,0.0,0.0,0.0,0.0,0.0,0.0,0.0,0.0,0.0,0.0,0.0,0.0],[0.0,0.0,0.02,0.99,0.99,0.87,0.0,0.0,0.0,0.0,0.0,0.0,0.0,0.0,0.0,0.0,0.0,0.0,0.0,0.0,0.0,0.0,0.0,0.0,0.0,0.0,0.0,0.0,0.0,0.0,0.0,0.0,0.04,1.0,1.0,1.0,0.03,0.0,0.0,0.0,0.0,0.0,0.0,0.0,0.0,0.0,0.0,0.0,0.0,0.0,0.0,0.0,0.0,0.0,0.0,0.0,0.0,0.0,0.0,0.0,0.0,0.0,0.0,0.0],[0.0,0.03,0.99,1.0,0.91,0.0,0.0,0.0,0.0,0.0,0.0,0.0,0.0,0.0,0.0,0.0,0.0,0.0,0.0,0.0,0.0,0.0,0.0,0.0,0.0,0.0,0.0,0.0,0.0,0.0,0.0,0.0,0.0,0.02,1.0,1.0,0.99,0.03,0.0,0.0,0.0,0.0,0.0,0.0,0.0,0.0,0.0,0.0,0.0,0.0,0.0,0.0,0.0,0.0,0.0,0.0,0.0,0.0,0.0,0.0,0.0,0.0,0.0,0.0],[0.06,0.99,0.99,0.85,0.0,0.0,0.0,0.0,0.0,0.0,0.0,0.0,0.0,0.0,0.0,0.0,0.0,0.0,0.0,0.0,0.0,0.0,0.0,0.0,0.0,0.0,0.0,0.0,0.0,0.0,0.0,0.0,0.0,0.0,0.03,0.99,1.0,0.99,0.0,0.0,0.0,0.0,0.0,0.0,0.0,0.0,0.0,0.0,0.0,0.0,0.0,0.0,0.0,0.0,0.0,0.0,0.0,0.0,0.0,0.0,0.0,0.0,0.0,0.0],[0.98,0.96,0.73,0.0,0.0,0.0,0.0,0.0,0.0,0.0,0.0,0.0,0.0,0.0,0.0,0.0,0.0,0.0,0.0,0.0,0.0,0.0,0.0,0.0,0.0,0.0,0.0,0.0,0.0,0.0,0.0,0.0,0.0,0.0,0.0,0.03,0.99,1.0,0.0,0.0,0.0,0.0,0.0,0.0,0.0,0.0,0.0,0.0,0.0,0.0,0.0,0.0,0.0,0.0,0.0,0.0,0.0,0.0,0.0,0.0,0.0,0.0,0.0,0.0],[0.0,0.0,0.0,0.0,0.01,0.02,0.48,0.83,0.77,0.49,0.02,0.0,0.0,0.0,0.0,0.0,0.0,0.0,0.0,0.0,0.0,0.0,0.06,0.12,0.04,0.0,0.08,0.79,0.91,0.86,0.49,0.0,0.06,0.0,0.0,0.0,0.0,0.0,1.0,1.0,1.0,1.0,1.0,1.0,1.0,1.0,0.92,0.02,0.02,0.03,0.94,1.0,1.0,1.0,0.95,0.94,0.02,0.03,0.03,1.0,1.0,1.0,1.0,1.0],[0.0,0.0,0.0,0.0,0.01,0.02,0.53,0.87,0.73,0.58,0.02,0.0,0.0,0.0,0.0,0.0,0.0,0.0,0.0,0.0,0.0,0.0,0.07,0.15,0.05,0.0,0.11,0.83,0.9,0.81,0.43,0.0,0.09,0.0,0.0,0.0,0.0,0.0,1.0,1.0,1.0,1.0,1.0,1.0,1.0,1.0,0.97,0.26,0.11,0.08,0.99,1.0,1.0,1.0,1.0,0.98,0.16,0.09,0.09,1.0,1.0,1.0,1.0,1.0],[0.0,0.0,0.0,0.0,0.0,0.03,0.68,0.95,0.62,0.75,0.01,0.0,0.0,0.0,0.0,0.0,0.0,0.0,0.0,0.0,0.0,0.0,0.07,0.24,0.05,0.0,0.11,0.92,0.96,0.8,0.27,0.0,0.06,0.0,0.0,0.0,0.0,0.0,1.0,1.0,1.0,1.0,1.0,1.0,1.0,1.0,1.0,0.91,0.55,0.46,1.0,1.0,1.0,1.0,1.0,1.0,0.94,0.51,0.43,1.0,1.0,1.0,1.0,1.0],[0.0,0.0,0.0,0.0,0.0,0.02,0.86,0.97,0.55,0.89,0.0,0.0,0.0,0.0,0.0,0.0,0.0,0.0,0.0,0.0,0.0,0.0,0.07,0.38,0.05,0.0,0.08,0.95,0.97,0.77,0.13,0.0,0.02,0.0,0.0,0.0,0.0,0.0,1.0,1.0,1.0,1.0,1.0,1.0,1.0,1.0,1.0,1.0,0.96,0.98,1.0,1.0,1.0,1.0,1.0,1.0,1.0,0.98,0.99,1.0,1.0,1.0,1.0,1.0],[0.0,0.0,0.0,0.0,0.0,0.02,0.94,0.98,0.32,0.92,0.0,0.0,0.0,0.0,0.0,0.0,0.0,0.0,0.0,0.0,0.0,0.0,0.17,0.79,0.05,0.0,0.06,0.97,0.98,0.5,0.04,0.0,0.01,0.0,0.0,0.0,0.0,0.0,1.0,1.0,1.0,1.0,1.0,1.0,1.0,1.0,1.0,1.0,1.0,1.0,1.0,1.0,1.0,1.0,1.0,1.0,1.0,1.0,1.0,1.0,1.0,1.0,1.0,1.0],[0.0,0.0,0.0,0.0,0.0,0.07,0.93,0.98,0.23,0.92,0.0,0.0,0.0,0.0,0.0,0.0,0.0,0.0,0.0,0.0,0.0,0.0,0.36,0.83,0.05,0.0,0.06,0.97,0.98,0.33,0.03,0.0,0.01,0.0,0.0,0.0,0.0,0.0,1.0,1.0,1.0,1.0,1.0,1.0,1.0,1.0,1.0,1.0,1.0,1.0,1.0,1.0,1.0,1.0,1.0,1.0,1.0,1.0,0.99,1.0,1.0,1.0,1.0,1.0],[0.0,0.0,0.0,0.0,0.0,0.16,0.91,0.97,0.38,0.88,0.0,0.0,0.0,0.0,0.0,0.0,0.0,0.0,0.0,0.0,0.0,0.0,0.19,0.53,0.04,0.0,0.06,0.92,0.95,0.51,0.05,0.0,0.02,0.0,0.0,0.0,0.0,0.0,1.0,1.0,1.0,1.0,1.0,1.0,1.0,1.0,1.0,1.0,1.0,1.0,1.0,1.0,1.0,1.0,1.0,1.0,0.89,0.07,0.1,1.0,1.0,1.0,1.0,1.0],[0.0,0.0,0.0,0.0,0.01,0.38,0.9,0.96,0.26,0.76,0.0,0.0,0.0,0.0,0.0,0.0,0.0,0.0,0.0,0.0,0.0,0.0,0.24,0.48,0.05,0.0,0.05,0.73,0.88,0.31,0.04,0.0,0.02,0.0,0.0,0.0,0.0,0.0,1.0,1.0,1.0,1.0,1.0,1.0,1.0,1.0,1.0,1.0,1.0,1.0,1.0,1.0,1.0,1.0,1.0,1.0,0.01,0.03,0.02,1.0,1.0,1.0,1.0,1.0],[0.0,0.0,0.0,0.0,0.01,0.49,0.9,0.96,0.08,0.6,0.0,0.0,0.0,0.0,0.0,0.0,0.0,0.0,0.0,0.0,0.0,0.0,0.53,0.68,0.06,0.0,0.07,0.67,0.82,0.09,0.01,0.0,0.01,0.0,0.0,0.0,0.0,0.0,0.92,0.97,1.0,1.0,1.0,1.0,1.0,1.0,1.0,1.0,1.0,1.0,1.0,1.0,1.0,1.0,1.0,1.0,0.04,0.11,0.06,1.0,1.0,1.0,1.0,0.98],[0.0,0.0,0.0,0.0,0.03,0.56,0.86,0.92,0.05,0.26,0.0,0.0,0.0,0.0,0.0,0.0,0.0,0.0,0.0,0.0,0.0,0.0,0.45,0.57,0.06,0.0,0.05,0.33,0.41,0.06,0.01,0.0,0.01,0.0,0.0,0.0,0.0,0.0,0.02,0.26,0.91,1.0,1.0,1.0,1.0,1.0,1.0,1.0,1.0,1.0,1.0,1.0,1.0,1.0,1.0,0.04,0.01,0.02,0.01,0.01,0.88,1.0,0.93,0.14],[0.0,0.0,0.0,0.0,0.06,0.49,0.81,0.88,0.05,0.17,0.01,0.0,0.0,0.0,0.0,0.0,0.0,0.0,0.0,0.0,0.0,0.0,0.37,0.44,0.08,0.01,0.05,0.25,0.26,0.04,0.01,0.0,0.01,0.0,0.0,0.0,0.0,0.0,0.02,0.11,0.55,0.96,1.0,1.0,1.0,1.0,1.0,1.0,1.0,1.0,1.0,1.0,1.0,1.0,0.57,0.11,0.02,0.03,0.03,0.03,0.06,1.0,0.44,0.08],[0.0,0.0,0.0,0.0,0.05,0.5,0.87,0.91,0.04,0.15,0.01,0.0,0.0,0.0,0.0,0.0,0.0,0.0,0.0,0.0,0.0,0.01,0.46,0.52,0.06,0.01,0.04,0.24,0.25,0.04,0.01,0.0,0.02,0.0,0.0,0.0,0.0,0.0,0.03,0.08,0.46,0.98,1.0,1.0,1.0,1.0,1.0,1.0,1.0,1.0,1.0,1.0,1.0,0.99,0.76,0.06,0.01,0.03,0.02,0.02,0.09,0.99,0.37,0.08],[0.0,0.0,0.0,0.0,0.01,0.34,0.91,0.97,0.05,0.56,0.0,0.0,0.0,0.0,0.0,0.0,0.0,0.0,0.0,0.0,0.0,0.0,0.72,0.85,0.07,0.0,0.06,0.84,0.88,0.07,0.01,0.0,0.01,0.0,0.0,0.0,0.0,0.0,0.94,0.99,1.0,1.0,1.0,1.0,1.0,1.0,1.0,1.0,1.0,1.0,1.0,1.0,1.0,1.0,1.0,1.0,1.0,0.52,0.76,1.0,1.0,1.0,1.0,1.0],[0.0,0.0,0.0,0.0,0.0,0.13,0.94,0.98,0.08,0.81,0.0,0.0,0.0,0.0,0.0,0.0,0.0,0.0,0.0,0.0,0.0,0.0,0.72,0.91,0.07,0.0,0.07,0.96,0.96,0.09,0.01,0.0,0.01,0.0,0.0,0.0,0.0,0.0,1.0,1.0,1.0,1.0,1.0,1.0,1.0,1.0,1.0,1.0,1.0,1.0,1.0,1.0,1.0,1.0,1.0,1.0,1.0,1.0,0.99,1.0,1.0,1.0,1.0,1.0],[0.0,0.0,0.0,0.0,0.01,0.09,0.93,0.97,0.05,0.62,0.0,0.0,0.0,0.0,0.0,0.0,0.0,0.0,0.0,0.0,0.0,0.0,0.75,0.92,0.11,0.0,0.08,0.96,0.96,0.06,0.01,0.0,0.01,0.0,0.0,0.0,0.0,0.0,1.0,1.0,1.0,1.0,1.0,1.0,1.0,1.0,1.0,1.0,1.0,1.0,1.0,1.0,1.0,1.0,1.0,1.0,1.0,1.0,1.0,1.0,1.0,1.0,1.0,1.0],[0.0,0.0,0.0,0.0,0.01,0.07,0.89,0.97,0.08,0.6,0.0,0.0,0.0,0.0,0.0,0.0,0.0,0.0,0.0,0.0,0.0,0.0,0.56,0.92,0.14,0.0,0.16,0.96,0.98,0.09,0.02,0.0,0.01,0.0,0.0,0.0,0.0,0.0,1.0,1.0,1.0,1.0,1.0,1.0,1.0,1.0,1.0,1.0,1.0,0.99,1.0,1.0,1.0,1.0,1.0,1.0,1.0,1.0,1.0,1.0,1.0,1.0,1.0,1.0],[0.0,0.0,0.0,0.0,0.01,0.07,0.53,0.86,0.05,0.23,0.0,0.0,0.0,0.0,0.0,0.0,0.0,0.0,0.0,0.0,0.0,0.0,0.48,0.91,0.26,0.0,0.33,0.92,0.94,0.07,0.01,0.0,0.01,0.0,0.0,0.0,0.0,0.0,0.95,1.0,1.0,1.0,1.0,1.0,1.0,1.0,1.0,1.0,0.57,0.76,1.0,1.0,1.0,1.0,1.0,1.0,1.0,1.0,1.0,1.0,1.0,1.0,1.0,0.99],[0.0,0.0,0.0,0.0,0.01,0.06,0.4,0.64,0.07,0.15,0.0,0.0,0.0,0.0,0.0,0.0,0.0,0.0,0.0,0.0,0.0,0.0,0.2,0.87,0.32,0.0,0.48,0.91,0.94,0.1,0.03,0.0,0.02,0.0,0.0,0.0,0.0,0.0,0.94,0.98,1.0,1.0,1.0,1.0,1.0,1.0,1.0,0.04,0.11,0.06,1.0,1.0,1.0,1.0,1.0,1.0,1.0,1.0,1.0,1.0,1.0,1.0,1.0,0.97],[0.0,0.0,0.0,0.0,0.02,0.07,0.29,0.3,0.05,0.07,0.0,0.0,0.0,0.0,0.0,0.0,0.0,0.0,0.0,0.0,0.0,0.0,0.12,0.81,0.38,0.0,0.45,0.88,0.85,0.11,0.03,0.0,0.03,0.0,0.0,0.0,0.0,0.0,0.02,0.16,0.94,1.0,1.0,1.0,0.89,0.01,0.04,0.01,0.02,0.01,1.0,1.0,1.0,1.0,1.0,1.0,1.0,1.0,1.0,1.0,1.0,1.0,0.93,0.32],[0.0,0.0,0.0,0.0,0.02,0.07,0.27,0.24,0.06,0.05,0.0,0.0,0.0,0.0,0.0,0.0,0.0,0.0,0.0,0.0,0.0,0.0,0.13,0.79,0.42,0.01,0.44,0.86,0.76,0.11,0.04,0.0,0.03,0.0,0.0,0.0,0.0,0.0,0.03,0.09,0.51,0.98,1.0,1.0,0.07,0.03,0.11,0.02,0.03,0.03,0.52,1.0,1.0,1.0,1.0,1.0,1.0,1.0,1.0,1.0,1.0,1.0,0.63,0.13],[0.0,0.0,0.0,0.0,0.03,0.07,0.27,0.25,0.06,0.06,0.0,0.0,0.0,0.0,0.0,0.0,0.0,0.0,0.0,0.0,0.0,0.0,0.16,0.83,0.44,0.01,0.45,0.84,0.72,0.1,0.04,0.0,0.03,0.0,0.0,0.0,0.0,0.0,0.03,0.09,0.43,0.99,1.0,0.99,0.1,0.02,0.06,0.01,0.03,0.02,0.76,0.99,1.0,1.0,1.0,1.0,1.0,1.0,1.0,1.0,1.0,1.0,0.55,0.09],[0.0,0.0,0.0,0.0,0.01,0.04,0.34,0.71,0.11,0.22,0.0,0.0,0.0,0.0,0.0,0.0,0.0,0.0,0.0,0.0,0.0,0.0,0.09,0.8,0.24,0.0,0.44,0.92,0.94,0.16,0.04,0.0,0.02,0.0,0.0,0.0,0.0,0.0,1.0,1.0,1.0,1.0,1.0,1.0,1.0,1.0,1.0,0.01,0.03,0.02,1.0,1.0,1.0,1.0,1.0,1.0,1.0,1.0,1.0,1.0,1.0,1.0,1.0,1.0],[0.0,0.0,0.0,0.0,0.0,0.03,0.59,0.93,0.17,0.54,0.0,0.0,0.0,0.0,0.0,0.0,0.0,0.0,0.0,0.0,0.0,0.0,0.09,0.79,0.14,0.0,0.27,0.95,0.98,0.24,0.04,0.0,0.02,0.0,0.0,0.0,0.0,0.0,1.0,1.0,1.0,1.0,1.0,1.0,1.0,1.0,1.0,0.88,0.06,0.09,1.0,1.0,1.0,1.0,1.0,1.0,1.0,1.0,1.0,1.0,1.0,1.0,1.0,1.0],[0.0,0.0,0.0,0.0,0.0,0.04,0.92,0.98,0.16,0.8,0.0,0.0,0.0,0.0,0.0,0.0,0.0,0.0,0.0,0.0,0.0,0.0,0.24,0.88,0.1,0.0,0.14,0.96,0.98,0.22,0.03,0.0,0.01,0.0,0.0,0.0,0.0,0.0,1.0,1.0,1.0,1.0,1.0,1.0,1.0,1.0,1.0,1.0,1.0,0.99,1.0,1.0,1.0,1.0,1.0,1.0,1.0,1.0,1.0,1.0,1.0,1.0,1.0,1.0],[0.0,0.0,0.0,0.0,0.0,0.03,0.72,0.95,0.61,0.74,0.01,0.0,0.0,0.0,0.0,0.0,0.0,0.0,0.0,0.0,0.0,0.0,0.07,0.26,0.05,0.0,0.1,0.92,0.96,0.79,0.24,0.0,0.05,0.0,0.0,0.0,0.0,0.0,1.0,1.0,1.0,1.0,1.0,1.0,1.0,1.0,1.0,0.93,0.44,0.37,1.0,1.0,1.0,1.0,1.0,1.0,0.93,0.63,0.55,1.0,1.0,1.0,1.0,1.0],[0.0,0.0,0.0,0.0,0.01,0.02,0.52,0.86,0.71,0.55,0.02,0.0,0.0,0.0,0.0,0.0,0.0,0.0,0.0,0.0,0.0,0.0,0.07,0.15,0.05,0.0,0.11,0.83,0.91,0.82,0.39,0.0,0.07,0.0,0.0,0.0,0.0,0.0,1.0,1.0,1.0,1.0,1.0,1.0,1.0,1.0,0.98,0.14,0.08,0.08,1.0,1.0,1.0,1.0,0.99,0.97,0.32,0.13,0.09,1.0,1.0,1.0,1.0,1.0]],
