{
  "atom_chain_ids": ["A","A","A","A","A","A","A","A","A","A","A","A","A","A","A","A","A","A","A","A","A","A","A","A","A","A","A","A","A","A","A","A","A","A","A","A","A","A","A","A","A","A","A","A","A","A","A","A","A","A","A","A","A","A","A","A","A","A","A","A","A","A","A","A","A","A","A","A","A","A","A","A","A","A","A","A","A","A","A","A","A","A","A","A","A","A","A","A","A","A","A","A","A","A","A","A","A","A","A","A","A","A","A","A","A","A","A","A","A","A","A","A","A","A","A","A","A","A","A","A","A","A","A","A","A","A","A","A","A","A","A","A","A","A","A","A","A","A","A","A","A","A","A","A","A","A","A","A","A","A","A","A","A","A","A","A","A","A","A","A","A","A","A","A","A","A","A","A","A","A","A","A","A","A","A","A","A","A","A","A","A","A","A","A","A","A","A","A","A","A","A","A","A","A","A","A","A","A","A","A","A","A","A","A","A","A","A","A","A","A","A","A","A","A","A","A","A","A","A","A","A","A","A","A","A","A","A","A","A","A","A","A","A","A","A","A","A","A","A","A","A","A","A","A","A","A","A","A","A","A","A","A","A","A","A","A","A","A","A","A","A","A","A","A","A","A","A","A","A","A","A","A","A","A","A","A","A","A","A","A","A","A","A","A","A","A","A","A","A","A","A","A","A","A","A","A","A","A","A","A","A","A","A","A","A","A","A","A","A","A","A","A","A","A","A","A","A","A","A","A","A","A","A","A","A","A","A","A","A","A","A","A","A","A","A","A","A","A","A","A","A","A","A","A","A","A","A","A","A","A","A","A","A","A","A","A","A","A","A","A","A","A","A","A","A","A","A","A","A","A","A","A","A","A","A","A","A","A","A","A","A","A","A","A","A","A","A","A","A","A","A","A","A","A","A","A","A","A","A","A","A","A","A","A","A","A","A","A","A","A","A","A","A","A","A","A","A","A","A","A","A","A","A","A","A","A","A","A","A","A","A","A","A","A","A","A","A","A","A","A","A","A","A","A","A","A","A","A","A","A","A","A","A","A","A","A","A","A","A","A","A","A","A","A","A","A","A","A","A","A","A","A","A","A","A","A","A","A","A","A","A","A","A","A","A","A","A","A","A","A","A","A","A","A","A","A","A","A","A","A","A","A","A","A","A","A","A","A","A","A","A","A","A","A","A","A","A","A","A","A","A","A","A","A","A","A","A","A","A","A","A","A","A","A","A","A","A","A","A","A","A","A","A","A","A","A","A","A","A","A","A","A","A","A","A","A","A","A","A","A","A","A","A","A","A","A","A","A","A","A","A","A","A","A","A","A","A","A","A","A","A","A","A","A","A","A","A","A","A","A","A","A","A","A","A","A","A","A","A","A","A","A","A","A","A","A","A","A","A","A","A","A","A","A","A","A","A","A","A","A","A","A","A","A","A","A","A","A","A","A","A","A","A","A","A","A","A","A","A","A","A","A","A","A","A","A","A","A","A","A","A","A","A","A","A","A","A","A","A","A","A","A","A","A","A","A","A","A","A","A","A","A","A","A","A","A","A","A","A","A","A","A","A","A","A","A","A","A","A","A","A","A","A","A","A","A","A","A","A","A","A","A","A","A","A","A","A","A","A","A","A","A","A","A","A","A","A","A","A","A","A","A","A","A","A","A","A","A","A","A","A","A","A","A","A","A","A","A","A","A","A","A","A","A","A","A","A","A","A","A","A","A","A","A","A","A","A","A","A","A","A","A","A","A","A","A","A","A","A","A","A","A","A","A","A","A","A","A","A","A","A","A","A","A","A","A","A","A","A","A","A","A","A","A","A","A","A","A","A","A","A","A","A","A","A","A","A","A","A","A","A","A","A","A","A","A","A","A","A","A","B","B","B","B","B","B","B","B","B","B","B","B","B","B","B","B","B","B","B","B","B","B","B","B","B","B"],
  "atom_plddts": [54.27,56.07,50.83,53.78,57.5,58.69,62.12,62.54,63.27,62.53,61.94,60.72,62.19,62.08,61.93,61.83,61.74,61.05,60.18,60.83,61.18,60.83,62.46,64.48,62.31,58.79,60.91,63.31,63.77,65.35,65.99,66.74,65.55,66.26,65.22,66.18,67.33,68.18,68.39,68.6,68.13,67.5,68.18,67.78,67.31,67.9,68.11,69.55,67.45,69.05,69.31,69.58,70.87,71.59,71.4,70.53,72.19,70.89,71.83,73.19,73.53,73.58,74.47,74.09,73.59,73.66,73.17,73.67,74.2,76.31,73.53,75.27,76.57,77.19,78.75,79.72,79.74,79.23,80.07,78.55,79.73,80.78,80.11,79.44,80.43,80.59,79.97,80.31,80.48,79.68,77.75,79.32,79.83,79.73,81.72,81.95,81.94,81.39,82.08,80.83,82.04,82.82,82.31,81.6,82.52,82.64,82.08,82.34,82.39,81.21,79.9,81.1,81.1,80.71,82.47,82.75,82.61,82.08,82.55,81.32,82.58,83.2,82.86,82.17,82.98,83.01,82.54,82.8,82.83,81.05,79.7,80.29,80.7,80.4,81.97,81.94,81.86,81.11,81.64,80.33,82.16,82.79,82.09,81.27,82.29,82.4,81.73,82.02,82.07,78.71,75.64,76.38,78.59,80.13,81.99,82.32,82.7,81.85,81.81,80.6,82.75,83.35,82.01,81.8,82.68,82.33,81.47,82.06,82.04,81.98,82.94,83.24,78.27,76.66,77.23,76.7,75.32,76.7,76.73,77.84,76.25,75.85,72.32,75.81,75.59,73.01,71.49,73.55,72.5,71.07,70.9,71.15,70.57,74.05,77.77,74.09,75.05,78.65,79.42,81.59,81.99,81.99,81.48,82.25,81.25,82.46,83.21,82.7,82.25,83.2,83.27,82.66,83.04,83.2,82.08,80.69,81.59,82.33,82.12,83.2,83.64,83.44,83.06,83.61,82.47,83.66,84.35,83.88,83.3,84.02,84.05,83.53,83.79,83.97,83.56,82.55,83.27,83.19,83.06,84.23,84.62,84.71,84.03,84.35,82.98,84.23,84.74,84.45,84.24,84.71,84.29,83.85,84.27,84.05,83.47,84.31,84.66,81.04,81.23,81.81,79.99,78.93,79.82,80.08,79.7,78.69,79.3,77.56,79.3,79.95,80.22,79.89,80.21,79.76,79.36,79.93,79.58,78.37,79.19,79.74,81.7,81.24,81.72,81.16,79.91,81.42,81.39,81.39,80.83,81.2,79.56,81.37,82.23,81.74,80.74,81.46,81.32,80.53,81.28,81.56,82.06,80.78,80.75,81.24,80.43,81.67,81.83,82.0,81.2,81.5,79.7,81.74,82.3,81.68,81.03,81.77,81.19,80.01,81.18,81.11,79.94,81.6,82.31,81.89,80.32,80.32,80.02,77.69,79.94,79.98,81.77,80.45,79.69,77.14,78.78,78.46,75.82,74.69,75.38,73.69,72.15,72.9,73.34,73.56,76.73,77.92,75.5,75.88,76.99,75.74,77.15,77.03,77.92,76.46,76.09,73.74,76.03,76.47,74.95,73.86,75.05,74.46,72.93,73.92,73.82,71.5,74.36,76.31,74.74,72.61,73.86,74.31,72.99,73.75,73.58,74.87,73.14,72.65,71.03,73.16,73.7,71.77,70.89,72.6,71.66,70.28,70.26,70.07,69.96,73.02,76.3,73.02,73.76,76.62,77.63,79.37,80.06,80.01,79.26,80.09,78.53,80.2,81.12,80.79,80.65,81.6,81.3,80.57,81.08,80.82,80.71,81.4,81.54,81.77,79.42,80.49,82.16,81.68,84.09,84.49,84.16,83.84,84.48,83.3,84.6,85.24,84.86,84.25,85.06,85.02,84.37,84.89,85.14,85.25,84.46,85.1,84.76,83.9,85.32,85.44,85.1,84.65,85.05,83.79,85.26,85.82,85.74,85.0,85.78,85.85,85.38,85.72,85.71,85.17,84.08,84.86,84.42,84.08,85.1,85.42,85.49,84.85,85.47,84.23,85.59,86.12,85.93,85.62,86.21,86.01,85.5,85.8,85.56,85.57,86.1,83.86,82.09,82.42,83.22,83.52,84.86,84.94,85.06,84.32,84.71,83.52,85.33,85.83,85.57,85.32,86.1,86.08,85.48,85.92,85.61,85.23,85.97,86.15,82.62,80.4,80.41,81.01,80.98,83.12,83.2,84.09,82.65,81.94,78.52,82.6,82.6,79.81,77.99,80.01,79.54,77.6,78.59,78.83,76.48,80.46,82.04,78.66,75.6,75.87,77.6,76.55,78.53,78.66,79.97,78.32,77.82,74.1,78.03,77.75,73.97,70.55,73.35,73.02,70.54,71.83,73.4,79.68,76.59,76.39,78.91,79.05,81.15,81.78,82.29,81.39,81.99,80.08,81.92,82.33,80.49,79.8,81.27,80.64,79.33,79.67,79.65,80.11,81.96,80.37,77.73,78.04,79.4,79.51,81.28,81.85,82.12,81.34,81.92,79.85,82.03,82.63,81.38,80.61,81.9,81.56,80.27,80.74,80.61,80.56,82.26,80.43,76.97,77.66,80.64,80.85,83.04,83.57,83.52,82.9,83.44,82.04,83.88,84.44,83.73,82.95,83.96,84.04,83.21,83.76,83.96,80.4,77.69,77.81,79.54,80.4,82.53,83.0,83.22,82.35,82.48,81.05,83.31,83.95,83.25,83.01,83.83,83.55,82.71,83.25,83.08,82.8,83.87,84.14,77.95,76.37,77.5,75.95,75.47,77.55,77.91,78.85,77.38,77.45,74.26,77.61,78.15,75.88,74.57,76.22,75.6,74.05,74.35,74.33,73.87,76.64,75.54,72.84,73.65,74.47,75.02,76.22,77.08,77.64,76.05,76.94,74.22,76.86,77.71,75.83,74.99,76.72,76.41,74.98,75.22,75.08,75.04,77.21,73.69,70.42,71.56,73.73,72.55,74.26,74.3,76.56,74.97,73.07,70.21,73.19,72.4,68.22,65.23,66.44,65.59,63.59,65.56,68.01,74.18,70.26,71.35,74.62,76.45,78.48,79.8,79.59,78.96,79.68,78.4,79.87,80.89,80.41,80.39,81.12,80.85,80.21,80.65,80.41,80.44,81.01,81.08,76.21,74.38,75.32,75.94,76.39,77.71,78.82,78.46,77.62,78.76,77.38,78.71,79.66,79.5,79.34,79.88,79.54,79.03,79.45,79.16,78.9,79.52,79.71,76.36,75.72,76.52,75.26,74.96,75.84,76.44,76.29,75.17,76.87,75.15,76.44,77.44,77.43,77.12,77.72,77.21,76.68,76.97,76.63,76.9,77.53,75.92,74.47,75.21,75.11,75.08,76.34,77.4,77.19,76.82,77.39,75.11,76.97,77.95,77.3,76.24,77.03,76.97,76.23,76.91,77.26,75.44,74.48,74.71,74.69,73.41,74.62,74.87,74.58,74.22,74.27,72.54,74.06,74.93,75.04,73.67,74.47,74.37,73.44,74.45,74.84,73.58,73.15,73.42,72.61,71.56,72.62,72.1,72.3,71.64,70.83,69.5,70.87,71.27,71.2,69.54,69.98,69.72,68.82,70.17,71.1,80.21,78.64,80.53,86.58,87.91,87.43,86.24,84.66,85.23,83.46,76.74,76.32,86.41,87.66,87.9,87.1,85.46,84.29,81.11,72.17,72.82,85.1,86.31,87.67,81.5,78.51],
  "contact_probs": [[1.0,0.99,0.13,0.0,0.0,0.0,0.0,0.0,0.0,0.0,0.0,0.0,0.0,0.0,0.0,0.0,0.0,0.0,0.0,0.0,0.0,0.0,0.0,0.0,0.0,0.0,0.0,0.0,0.0,0.0,0.0,0.0,0.0,0.0,0.0,0.0,0.06,0.98,0.0,0.0,0.0,0.0,0.0,0.0,0.0,0.0,0.0,0.0,0.0,0.0,0.0,0.0,0.0,0.0,0.0,0.0,0.0,0.0,0.0,0.0,0.0,0.0,0.0,0.0],[0.99,1.0,1.0,0.05,0.0,0.0,0.0,0.0,0.0,0.0,0.0,0.0,0.0,0.0,0.0,0.0,0.0,0.0,0.0,0.0,0.0,0.0,0.0,0.0,0.0,0.0,0.0,0.0,0.0,0.0,0.0,0.0,0.0,0.0,0.0,0.03,0.99,0.96,0.0,0.0,0.0,0.0,0.0,0.0,0.0,0.0,0.0,0.0,0.0,0.0,0.0,0.0,0.0,0.0,0.0,0.0,0.0,0.0,0.0,0.0,0.0,0.0,0.0,0.0],[0.13,1.0,1.0,1.0,0.03,0.0,0.0,0.0,0.0,0.0,0.0,0.0,0.0,0.0,0.0,0.0,0.0,0.0,0.0,0.0,0.0,0.0,0.0,0.0,0.0,0.0,0.0,0.0,0.0,0.0,0.0,0.0,0.0,0.0,0.02,0.99,0.99,0.74,0.0,0.0,0.0,0.0,0.0,0.0,0.0,0.0,0.0,0.0,0.0,0.0,0.0,0.0,0.0,0.0,0.0,0.0,0.0,0.0,0.0,0.0,0.0,0.0,0.0,0.0],[0.0,0.05,1.0,1.0,1.0,0.02,0.0,0.0,0.0,0.0,0.0,0.0,0.0,0.0,0.0,0.0,0.0,0.0,0.0,0.0,0.0,0.0,0.0,0.0,0.0,0.0,0.0,0.0,0.0,0.0,0.0,0.0,0.0,0.02,0.99,1.0,0.85,0.0,0.0,0.0,0.0,0.0,0.0,0.0,0.0,0.0,0.0,0.0,0.0,0.0,0.0,0.0,0.0,0.0,0.0,0.0,0.0,0.0,0.0,0.0,0.0,0.0,0.0,0.0],[0.0,0.0,0.03,1.0,1.0,1.0,0.42,0.0,0.0,0.0,0.0,0.0,0.0,0.0,0.0,0.0,0.0,0.0,0.0,0.0,0.0,0.0,0.0,0.01,0.0,0.0,0.0,0.0,0.01,0.0,0.0,0.0,0.02,0.99,0.99,0.91,0.0,0.0,0.0,0.01,0.0,0.0,0.0,0.0,0.0,0.01,0.01,0.02,0.06,0.05,0.01,0.0,0.01,0.01,0.01,0.01,0.02,0.02,0.02,0.01,0.0,0.0,0.0,0.01],[0.0,0.0,0.0,0.02,1.0,1.0,0.99,0.0,0.0,0.0,0.0,0.0,0.0,0.0,0.0,0.0,0.0,0.0,0.0,0.0,0.0,0.0,0.0,0.01,0.0,0.0,0.0,0.0,0.09,0.01,0.03,0.0,0.99,0.99,0.88,0.0,0.0,0.0,0.02,0.02,0.03,0.02,0.02,0.06,0.15,0.37,0.48,0.55,0.5,0.5,0.32,0.11,0.08,0.06,0.06,0.06,0.07,0.07,0.07,0.04,0.03,0.04,0.02,0.02],[0.0,0.0,0.0,0.0,0.42,0.99,1.0,0.78,0.06,0.0,0.0,0.0,0.0,0.0,0.0,0.0,0.0,0.0,0.0,0.0,0.0,0.0,0.0,0.03,0.0,0.0,0.0,0.01,0.99,0.5,0.63,0.01,0.97,0.72,0.0,0.0,0.0,0.0,0.49,0.54,0.68,0.86,0.93,0.93,0.91,0.9,0.89,0.86,0.81,0.87,0.91,0.94,0.92,0.89,0.51,0.39,0.27,0.25,0.26,0.33,0.58,0.91,0.72,0.53],[0.0,0.0,0.0,0.0,0.0,0.0,0.78,1.0,0.6,0.99,0.45,0.0,0.0,0.0,0.0,0.0,0.0,0.0,0.0,0.0,0.0,0.01,0.81,0.21,0.01,0.0,0.01,0.99,0.24,0.15,0.01,0.0,0.0,0.0,0.0,0.0,0.0,0.0,0.83,0.88,0.95,0.97,0.98,0.98,0.97,0.95,0.96,0.92,0.89,0.91,0.97,0.98,0.97,0.97,0.86,0.65,0.29,0.23,0.24,0.72,0.93,0.98,0.95,0.86],[0.0,0.0,0.0,0.0,0.0,0.0,0.06,0.6,1.0,0.21,0.0,0.0,0.0,0.0,0.0,0.0,0.0,0.0,0.0,0.0,0.0,0.0,0.01,0.01,0.0,0.0,0.01,0.11,0.12,0.91,0.35,0.0,0.0,0.0,0.0,0.0,0.0,0.0,0.77,0.74,0.64,0.56,0.32,0.24,0.38,0.26,0.08,0.05,0.05,0.04,0.05,0.08,0.05,0.08,0.05,0.07,0.05,0.05,0.06,0.11,0.17,0.17,0.61,0.71],[0.0,0.0,0.0,0.0,0.0,0.0,0.0,0.99,0.21,1.0,1.0,0.05,0.0,0.0,0.0,0.0,0.0,0.0,0.0,0.0,0.0,0.09,0.99,0.1,0.04,0.02,0.49,0.97,0.01,0.02,0.0,0.0,0.0,0.0,0.0,0.0,0.0,0.0,0.48,0.58,0.76,0.89,0.92,0.92,0.89,0.75,0.6,0.25,0.17,0.15,0.55,0.81,0.62,0.6,0.23,0.15,0.06,0.05,0.05,0.22,0.55,0.8,0.74,0.54],[0.0,0.0,0.0,0.0,0.0,0.0,0.0,0.45,0.0,1.0,1.0,1.0,0.23,0.0,0.0,0.0,0.0,0.0,0.0,0.0,0.08,0.99,0.99,0.04,0.07,0.88,0.92,0.79,0.0,0.0,0.0,0.0,0.0,0.0,0.0,0.0,0.0,0.0,0.02,0.02,0.01,0.0,0.0,0.0,0.0,0.0,0.0,0.0,0.01,0.01,0.0,0.0,0.0,0.0,0.0,0.0,0.0,0.0,0.0,0.0,0.0,0.0,0.01,0.02],[0.0,0.0,0.0,0.0,0.0,0.0,0.0,0.0,0.0,0.05,1.0,1.0,1.0,0.14,0.0,0.0,0.0,0.0,0.0,0.06,1.0,1.0,0.69,0.0,0.01,0.77,0.17,0.0,0.0,0.0,0.0,0.0,0.0,0.0,0.0,0.0,0.0,0.0,0.0,0.0,0.0,0.0,0.0,0.0,0.0,0.0,0.0,0.0,0.0,0.0,0.0,0.0,0.0,0.0,0.0,0.0,0.0,0.0,0.0,0.0,0.0,0.0,0.0,0.0],[0.0,0.0,0.0,0.0,0.0,0.0,0.0,0.0,0.0,0.0,0.23,1.0,1.0,1.0,0.35,0.0,0.0,0.0,0.06,0.99,1.0,0.87,0.0,0.0,0.0,0.01,0.0,0.0,0.0,0.0,0.0,0.0,0.0,0.0,0.0,0.0,0.0,0.0,0.0,0.0,0.0,0.0,0.0,0.0,0.0,0.0,0.0,0.0,0.0,0.0,0.0,0.0,0.0,0.0,0.0,0.0,0.0,0.0,0.0,0.0,0.0,0.0,0.0,0.0],[0.0,0.0,0.0,0.0,0.0,0.0,0.0,0.0,0.0,0.0,0.0,0.14,1.0,1.0,1.0,0.0,0.01,0.01,0.99,1.0,0.88,0.0,0.0,0.0,0.0,0.0,0.0,0.0,0.0,0.0,0.0,0.0,0.0,0.0,0.0,0.0,0.0,0.0,0.0,0.0,0.0,0.0,0.0,0.0,0.0,0.0,0.0,0.0,0.0,0.0,0.0,0.0,0.0,0.0,0.0,0.0,0.0,0.0,0.0,0.0,0.0,0.0,0.0,0.0],[0.0,0.0,0.0,0.0,0.0,0.0,0.0,0.0,0.0,0.0,0.0,0.0,0.35,1.0,1.0,0.16,0.96,0.89,0.99,0.81,0.0,0.0,0.0,0.0,0.0,0.0,0.0,0.0,0.0,0.0,0.0,0.0,0.0,0.0,0.0,0.0,0.0,0.0,0.0,0.0,0.0,0.0,0.0,0.0,0.0,0.0,0.0,0.0,0.0,0.0,0.0,0.0,0.0,0.0,0.0,0.0,0.0,0.0,0.0,0.0,0.0,0.0,0.0,0.0],[0.0,0.0,0.0,0.0,0.0,0.0,0.0,0.0,0.0,0.0,0.0,0.0,0.0,0.0,0.16,1.0,0.99,0.49,0.0,0.0,0.0,0.0,0.0,0.0,0.0,0.0,0.0,0.0,0.0,0.0,0.0,0.0,0.0,0.0,0.0,0.0,0.0,0.0,0.0,0.0,0.0,0.0,0.0,0.0,0.0,0.0,0.0,0.0,0.0,0.0,0.0,0.0,0.0,0.0,0.0,0.0,0.0,0.0,0.0,0.0,0.0,0.0,0.0,0.0],[0.0,0.0,0.0,0.0,0.0,0.0,0.0,0.0,0.0,0.0,0.0,0.0,0.0,0.01,0.96,0.99,1.0,0.99,0.72,0.0,0.0,0.0,0.0,0.0,0.0,0.0,0.0,0.0,0.0,0.0,0.0,0.0,0.0,0.0,0.0,0.0,0.0,0.0,0.0,0.0,0.0,0.0,0.0,0.0,0.0,0.0,0.0,0.0,0.0,0.0,0.0,0.0,0.0,0.0,0.0,0.0,0.0,0.0,0.0,0.0,0.0,0.0,0.0,0.0],[0.0,0.0,0.0,0.0,0.0,0.0,0.0,0.0,0.0,0.0,0.0,0.0,0.0,0.01,0.89,0.49,0.99,1.0,0.99,0.12,0.0,0.0,0.0,0.0,0.0,0.0,0.0,0.0,0.0,0.0,0.0,0.0,0.0,0.0,0.0,0.0,0.0,0.0,0.0,0.0,0.0,0.0,0.0,0.0,0.0,0.0,0.0,0.0,0.0,0.0,0.0,0.0,0.0,0.0,0.0,0.0,0.0,0.0,0.0,0.0,0.0,0.0,0.0,0.0],[0.0,0.0,0.0,0.0,0.0,0.0,0.0,0.0,0.0,0.0,0.0,0.0,0.06,0.99,0.99,0.0,0.72,0.99,1.0,1.0,0.07,0.0,0.0,0.0,0.0,0.0,0.0,0.0,0.0,0.0,0.0,0.0,0.0,0.0,0.0,0.0,0.0,0.0,0.0,0.0,0.0,0.0,0.0,0.0,0.0,0.0,0.0,0.0,0.0,0.0,0.0,0.0,0.0,0.0,0.0,0.0,0.0,0.0,0.0,0.0,0.0,0.0,0.0,0.0],[0.0,0.0,0.0,0.0,0.0,0.0,0.0,0.0,0.0,0.0,0.0,0.06,0.99,1.0,0.81,0.0,0.0,0.12,1.0,1.0,1.0,0.21,0.0,0.0,0.0,0.0,0.0,0.0,0.0,0.0,0.0,0.0,0.0,0.0,0.0,0.0,0.0,0.0,0.0,0.0,0.0,0.0,0.0,0.0,0.0,0.0,0.0,0.0,0.0,0.0,0.0,0.0,0.0,0.0,0.0,0.0,0.0,0.0,0.0,0.0,0.0,0.0,0.0,0.0],[0.0,0.0,0.0,0.0,0.0,0.0,0.0,0.0,0.0,0.0,0.08,1.0,1.0,0.88,0.0,0.0,0.0,0.0,0.07,1.0,1.0,1.0,0.22,0.0,0.0,0.0,0.0,0.0,0.0,0.0,0.0,0.0,0.0,0.0,0.0,0.0,0.0,0.0,0.0,0.0,0.0,0.0,0.0,0.0,0.0,0.0,0.0,0.0,0.0,0.0,0.0,0.0,0.0,0.0,0.0,0.0,0.0,0.0,0.0,0.0,0.0,0.0,0.0,0.0],[0.0,0.0,0.0,0.0,0.0,0.0,0.0,0.01,0.0,0.09,0.99,1.0,0.87,0.0,0.0,0.0,0.0,0.0,0.0,0.21,1.0,1.0,1.0,0.03,0.03,0.18,0.03,0.0,0.0,0.0,0.0,0.0,0.0,0.0,0.0,0.0,0.0,0.0,0.0,0.0,0.0,0.0,0.0,0.0,0.0,0.0,0.0,0.0,0.01,0.01,0.0,0.0,0.0,0.0,0.0,0.0,0.0,0.0,0.0,0.0,0.0,0.0,0.0,0.0],[0.0,0.0,0.0,0.0,0.0,0.0,0.0,0.81,0.01,0.99,0.99,0.69,0.0,0.0,0.0,0.0,0.0,0.0,0.0,0.0,0.22,1.0,1.0,0.75,0.21,0.36,0.62,0.77,0.0,0.0,0.0,0.0,0.0,0.0,0.0,0.0,0.0,0.0,0.06,0.07,0.07,0.07,0.17,0.37,0.2,0.25,0.55,0.46,0.38,0.47,0.73,0.73,0.77,0.59,0.51,0.21,0.13,0.13,0.16,0.09,0.09,0.25,0.07,0.07],[0.0,0.0,0.0,0.0,0.01,0.01,0.03,0.21,0.01,0.1,0.04,0.0,0.0,0.0,0.0,0.0,0.0,0.0,0.0,0.0,0.0,0.03,0.75,1.0,0.44,0.03,0.22,0.65,0.19,0.0,0.0,0.0,0.0,0.0,0.0,0.0,0.0,0.0,0.11,0.15,0.23,0.38,0.8,0.83,0.54,0.49,0.7,0.58,0.46,0.54,0.87,0.92,0.93,0.93,0.91,0.87,0.81,0.79,0.82,0.8,0.8,0.88,0.26,0.15],[0.0,0.0,0.0,0.0,0.0,0.0,0.0,0.01,0.0,0.04,0.07,0.01,0.0,0.0,0.0,0.0,0.0,0.0,0.0,0.0,0.0,0.03,0.21,0.44,1.0,0.68,0.75,0.53,0.01,0.0,0.0,0.0,0.0,0.0,0.0,0.0,0.0,0.0,0.05,0.05,0.05,0.05,0.05,0.05,0.04,0.05,0.06,0.06,0.08,0.07,0.07,0.08,0.12,0.16,0.28,0.36,0.41,0.45,0.47,0.27,0.16,0.11,0.05,0.06],[0.0,0.0,0.0,0.0,0.0,0.0,0.0,0.0,0.0,0.02,0.88,0.77,0.01,0.0,0.0,0.0,0.0,0.0,0.0,0.0,0.0,0.18,0.36,0.03,0.68,1.0,0.97,0.08,0.0,0.0,0.0,0.0,0.0,0.0,0.0,0.0,0.0,0.0,0.0,0.0,0.0,0.0,0.0,0.0,0.0,0.0,0.0,0.0,0.01,0.01,0.0,0.0,0.0,0.0,0.0,0.0,0.0,0.01,0.01,0.0,0.0,0.0,0.0,0.0],[0.0,0.0,0.0,0.0,0.0,0.0,0.0,0.01,0.01,0.49,0.92,0.17,0.0,0.0,0.0,0.0,0.0,0.0,0.0,0.0,0.0,0.03,0.62,0.22,0.75,0.97,1.0,0.97,0.0,0.0,0.0,0.0,0.0,0.0,0.0,0.0,0.0,0.0,0.07,0.1,0.1,0.07,0.06,0.06,0.05,0.05,0.07,0.05,0.05,0.04,0.06,0.07,0.08,0.17,0.35,0.49,0.46,0.45,0.46,0.44,0.27,0.14,0.1,0.1],[0.0,0.0,0.0,0.0,0.0,0.0,0.01,0.99,0.11,0.97,0.79,0.0,0.0,0.0,0.0,0.0,0.0,0.0,0.0,0.0,0.0,0.0,0.77,0.65,0.53,0.08,0.97,1.0,0.68,0.02,0.0,0.0,0.0,0.0,0.0,0.0,0.0,0.0,0.79,0.83,0.92,0.95,0.97,0.97,0.93,0.73,0.68,0.33,0.25,0.24,0.85,0.96,0.96,0.96,0.92,0.91,0.88,0.86,0.85,0.91,0.95,0.96,0.92,0.83],[0.0,0.0,0.0,0.0,0.01,0.09,0.99,0.24,0.12,0.01,0.0,0.0,0.0,0.0,0.0,0.0,0.0,0.0,0.0,0.0,0.0,0.0,0.0,0.19,0.01,0.0,0.0,0.68,1.0,0.78,0.59,0.01,0.76,0.01,0.0,0.0,0.0,0.0,0.91,0.91,0.96,0.97,0.98,0.98,0.95,0.89,0.82,0.42,0.26,0.25,0.88,0.96,0.96,0.98,0.94,0.94,0.86,0.76,0.71,0.94,0.97,0.98,0.96,0.91],[0.0,0.0,0.0,0.0,0.0,0.01,0.5,0.15,0.91,0.02,0.0,0.0,0.0,0.0,0.0,0.0,0.0,0.0,0.0,0.0,0.0,0.0,0.0,0.0,0.0,0.0,0.0,0.02,0.78,1.0,0.95,0.01,0.56,0.0,0.0,0.0,0.0,0.0,0.86,0.82,0.81,0.77,0.5,0.33,0.51,0.31,0.09,0.05,0.04,0.04,0.06,0.09,0.06,0.08,0.06,0.09,0.1,0.1,0.09,0.15,0.23,0.22,0.79,0.82],[0.0,0.0,0.0,0.0,0.0,0.03,0.63,0.01,0.35,0.0,0.0,0.0,0.0,0.0,0.0,0.0,0.0,0.0,0.0,0.0,0.0,0.0,0.0,0.0,0.0,0.0,0.0,0.0,0.59,0.95,1.0,0.06,0.97,0.1,0.0,0.0,0.0,0.0,0.51,0.43,0.27,0.12,0.04,0.03,0.05,0.04,0.01,0.01,0.01,0.01,0.01,0.01,0.01,0.02,0.01,0.02,0.03,0.03,0.04,0.04,0.04,0.03,0.23,0.39],[0.0,0.0,0.0,0.0,0.0,0.0,0.01,0.0,0.0,0.0,0.0,0.0,0.0,0.0,0.0,0.0,0.0,0.0,0.0,0.0,0.0,0.0,0.0,0.0,0.0,0.0,0.0,0.0,0.01,0.01,0.06,1.0,0.02,0.01,0.0,0.0,0.0,0.0,0.0,0.0,0.0,0.0,0.0,0.0,0.0,0.0,0.0,0.0,0.0,0.0,0.0,0.0,0.0,0.0,0.0,0.0,0.0,0.0,0.0,0.0,0.0,0.0,0.0,0.0],[0.0,0.0,0.0,0.0,0.02,0.99,0.97,0.0,0.0,0.0,0.0,0.0,0.0,0.0,0.0,0.0,0.0,0.0,0.0,0.0,0.0,0.0,0.0,0.0,0.0,0.0,0.0,0.0,0.76,0.56,0.97,0.02,1.0,1.0,0.04,0.0,0.0,0.0,0.06,0.09,0.06,0.02,0.01,0.01,0.02,0.02,0.01,0.01,0.01,0.02,0.01,0.01,0.01,0.01,0.01,0.02,0.03,0.03,0.02,0.02,0.02,0.01,0.05,0.07],[0.0,0.0,0.0,0.02,0.99,0.99,0.72,0.0,0.0,0.0,0.0,0.0,0.0,0.0,0.0,0.0,0.0,0.0,0.0,0.0,0.0,0.0,0.0,0.0,0.0,0.0,0.0,0.0,0.01,0.0,0.1,0.01,1.0,1.0,1.0,0.02,0.0,0.0,0.0,0.0,0.0,0.0,0.0,0.0,0.0,0.0,0.0,0.0,0.0,0.0,0.0,0.0,0.0,0.0,0.0,0.0,0.0,0.0,0.0,0.0,0.0,0.0,0.0,0.0],[0.0,0.0,0.02,0.99,0.99,0.88,0.0,0.0,0.0,0.0,0.0,0.0,0.0,0.0,0.0,0.0,0.0,0.0,0.0,0.0,0.0,0.0,0.0,0.0,0.0,0.0,0.0,0.0,0.0,0.0,0.0,0.0,0.04,1.0,1.0,1.0,0.03,0.0,0.0,0.0,0.0,0.0,0.0,0.0,0.0,0.0,0.0,0.0,0.0,0.0,0.0,0.0,0.0,0.0,0.0,0.0,0.0,0.0,0.0,0.0,0.0,0.0,0.0,0.0],[0.0,0.03,0.99,1.0,0.91,0.0,0.0,0.0,0.0,0.0,0.0,0.0,0.0,0.0,0.0,0.0,0.0,0.0,0.0,0.0,0.0,0.0,0.0,0.0,0.0,0.0,0.0,0.0,0.0,0.0,0.0,0.0,0.0,0.02,1.0,1.0,1.0,0.03,0.0,0.0,0.0,0.0,0.0,0.0,0.0,0.0,0.0,0.0,0.0,0.0,0.0,0.0,0.0,0.0,0.0,0.0,0.0,0.0,0.0,0.0,0.0,0.0,0.0,0.0],[0.06,0.99,0.99,0.85,0.0,0.0,0.0,0.0,0.0,0.0,0.0,0.0,0.0,0.0,0.0,0.0,0.0,0.0,0.0,0.0,0.0,0.0,0.0,0.0,0.0,0.0,0.0,0.0,0.0,0.0,0.0,0.0,0.0,0.0,0.03,1.0,1.0,0.99,0.0,0.0,0.0,0.0,0.0,0.0,0.0,0.0,0.0,0.0,0.0,0.0,0.0,0.0,0.0,0.0,0.0,0.0,0.0,0.0,0.0,0.0,0.0,0.0,0.0,0.0],[0.98,0.96,0.74,0.0,0.0,0.0,0.0,0.0,0.0,0.0,0.0,0.0,0.0,0.0,0.0,0.0,0.0,0.0,0.0,0.0,0.0,0.0,0.0,0.0,0.0,0.0,0.0,0.0,0.0,0.0,0.0,0.0,0.0,0.0,0.0,0.03,0.99,1.0,0.0,0.0,0.0,0.0,0.0,0.0,0.0,0.0,0.0,0.0,0.0,0.0,0.0,0.0,0.0,0.0,0.0,0.0,0.0,0.0,0.0,0.0,0.0,0.0,0.0,0.0],[0.0,0.0,0.0,0.0,0.0,0.02,0.49,0.83,0.77,0.48,0.02,0.0,0.0,0.0,0.0,0.0,0.0,0.0,0.0,0.0,0.0,0.0,0.06,0.11,0.05,0.0,0.07,0.79,0.91,0.86,0.51,0.0,0.06,0.0,0.0,0.0,0.0,0.0,1.0,1.0,1.0,1.0,1.0,1.0,1.0,1.0,0.92,0.02,0.02,0.03,0.93,1.0,1.0,1.0,0.95,0.94,0.02,0.03,0.03,1.0,1.0,1.0,1.0,1.0],[0.0,0.0,0.0,0.0,0.01,0.02,0.54,0.88,0.74,0.58,0.02,0.0,0.0,0.0,0.0,0.0,0.0,0.0,0.0,0.0,0.0,0.0,0.07,0.15,0.05,0.0,0.1,0.83,0.91,0.82,0.43,0.0,0.09,0.0,0.0,0.0,0.0,0.0,1.0,1.0,1.0,1.0,1.0,1.0,1.0,1.0,0.98,0.26,0.11,0.08,0.99,1.0,1.0,1.0,1.0,0.98,0.16,0.1,0.09,1.0,1.0,1.0,1.0,1.0],[0.0,0.0,0.0,0.0,0.0,0.03,0.68,0.95,0.64,0.76,0.01,0.0,0.0,0.0,0.0,0.0,0.0,0.0,0.0,0.0,0.0,0.0,0.07,0.23,0.05,0.0,0.1,0.92,0.96,0.81,0.27,0.0,0.06,0.0,0.0,0.0,0.0,0.0,1.0,1.0,1.0,1.0,1.0,1.0,1.0,1.0,1.0,0.91,0.54,0.45,1.0,1.0,1.0,1.0,1.0,1.0,0.94,0.5,0.44,1.0,1.0,1.0,1.0,1.0],[0.0,0.0,0.0,0.0,0.0,0.02,0.86,0.97,0.56,0.89,0.0,0.0,0.0,0.0,0.0,0.0,0.0,0.0,0.0,0.0,0.0,0.0,0.07,0.38,0.05,0.0,0.07,0.95,0.97,0.77,0.12,0.0,0.02,0.0,0.0,0.0,0.0,0.0,1.0,1.0,1.0,1.0,1.0,1.0,1.0,1.0,1.0,1.0,0.96,0.98,1.0,1.0,1.0,1.0,1.0,1.0,1.0,0.98,0.99,1.0,1.0,1.0,1.0,1.0],[0.0,0.0,0.0,0.0,0.0,0.02,0.93,0.98,0.32,0.92,0.0,0.0,0.0,0.0,0.0,0.0,0.0,0.0,0.0,0.0,0.0,0.0,0.17,0.8,0.05,0.0,0.06,0.97,0.98,0.5,0.04,0.0,0.01,0.0,0.0,0.0,0.0,0.0,1.0,1.0,1.0,1.0,1.0,1.0,1.0,1.0,1.0,1.0,1.0,1.0,1.0,1.0,1.0,1.0,1.0,1.0,1.0,1.0,1.0,1.0,1.0,1.0,1.0,1.0],[0.0,0.0,0.0,0.0,0.0,0.06,0.93,0.98,0.24,0.92,0.0,0.0,0.0,0.0,0.0,0.0,0.0,0.0,0.0,0.0,0.0,0.0,0.37,0.83,0.05,0.0,0.06,0.97,0.98,0.33,0.03,0.0,0.01,0.0,0.0,0.0,0.0,0.0,1.0,1.0,1.0,1.0,1.0,1.0,1.0,1.0,1.0,1.0,1.0,1.0,1.0,1.0,1.0,1.0,1.0,1.0,1.0,1.0,0.99,1.0,1.0,1.0,1.0,1.0],[0.0,0.0,0.0,0.0,0.0,0.15,0.91,0.97,0.38,0.89,0.0,0.0,0.0,0.0,0.0,0.0,0.0,0.0,0.0,0.0,0.0,0.0,0.2,0.54,0.04,0.0,0.05,0.93,0.95,0.51,0.05,0.0,0.02,0.0,0.0,0.0,0.0,0.0,1.0,1.0,1.0,1.0,1.0,1.0,1.0,1.0,1.0,1.0,1.0,1.0,1.0,1.0,1.0,1.0,1.0,1.0,0.9,0.06,0.09,1.0,1.0,1.0,1.0,1.0],[0.0,0.0,0.0,0.0,0.01,0.37,0.9,0.95,0.26,0.75,0.0,0.0,0.0,0.0,0.0,0.0,0.0,0.0,0.0,0.0,0.0,0.0,0.25,0.49,0.05,0.0,0.05,0.73,0.89,0.31,0.04,0.0,0.02,0.0,0.0,0.0,0.0,0.0,1.0,1.0,1.0,1.0,1.0,1.0,1.0,1.0,1.0,1.0,1.0,1.0,1.0,1.0,1.0,1.0,1.0,1.0,0.01,0.03,0.02,1.0,1.0,1.0,1.0,1.0],[0.0,0.0,0.0,0.0,0.01,0.48,0.89,0.96,0.08,0.6,0.0,0.0,0.0,0.0,0.0,0.0,0.0,0.0,0.0,0.0,0.0,0.0,0.55,0.7,0.06,0.0,0.07,0.68,0.82,0.09,0.01,0.0,0.01,0.0,0.0,0.0,0.0,0.0,0.92,0.98,1.0,1.0,1.0,1.0,1.0,1.0,1.0,1.0,1.0,1.0,1.0,1.0,1.0,1.0,1.0,1.0,0.03,0.1,0.06,1.0,1.0,1.0,1.0,0.98],[0.0,0.0,0.0,0.0,0.02,0.55,0.86,0.92,0.05,0.25,0.0,0.0,0.0,0.0,0.0,0.0,0.0,0.0,0.0,0.0,0.0,0.0,0.46,0.58,0.06,0.0,0.05,0.33,0.42,0.05,0.01,0.0,0.01,0.0,0.0,0.0,0.0,0.0,0.02,0.26,0.91,1.0,1.0,1.0,1.0,1.0,1.0,1.0,1.0,1.0,1.0,1.0,1.0,1.0,1.0,0.03,0.01,0.02,0.01,0.01,0.87,1.0,0.93,0.14],[0.0,0.0,0.0,0.0,0.06,0.5,0.81,0.89,0.05,0.17,0.01,0.0,0.0,0.0,0.0,0.0,0.0,0.0,0.0,0.0,0.0,0.01,0.38,0.46,0.08,0.01,0.05,0.25,0.26,0.04,0.01,0.0,0.01,0.0,0.0,0.0,0.0,0.0,0.02,0.11,0.54,0.96,1.0,1.0,1.0,1.0,1.0,1.0,1.0,1.0,1.0,1.0,1.0,1.0,0.56,0.11,0.02,0.02,0.03,0.03,0.06,1.0,0.43,0.08],[0.0,0.0,0.0,0.0,0.05,0.5,0.87,0.91,0.04,0.15,0.01,0.0,0.0,0.0,0.0,0.0,0.0,0.0,0.0,0.0,0.0,0.01,0.47,0.54,0.07,0.01,0.04,0.24,0.25,0.04,0.01,0.0,0.02,0.0,0.0,0.0,0.0,0.0,0.03,0.08,0.45,0.98,1.0,1.0,1.0,1.0,1.0,1.0,1.0,1.0,1.0,1.0,1.0,0.99,0.76,0.06,0.01,0.03,0.02,0.01,0.1,0.99,0.36,0.08],[0.0,0.0,0.0,0.0,0.01,0.32,0.91,0.97,0.05,0.55,0.0,0.0,0.0,0.0,0.0,0.0,0.0,0.0,0.0,0.0,0.0,0.0,0.73,0.87,0.07,0.0,0.06,0.85,0.88,0.06,0.01,0.0,0.01,0.0,0.0,0.0,0.0,0.0,0.93,0.99,1.0,1.0,1.0,1.0,1.0,1.0,1.0,1.0,1.0,1.0,1.0,1.0,1.0,1.0,1.0,1.0,1.0,0.52,0.75,1.0,1.0,1.0,1.0,1.0],[0.0,0.0,0.0,0.0,0.0,0.11,0.94,0.98,0.08,0.81,0.0,0.0,0.0,0.0,0.0,0.0,0.0,0.0,0.0,0.0,0.0,0.0,0.73,0.92,0.08,0.0,0.07,0.96,0.96,0.09,0.01,0.0,0.01,0.0,0.0,0.0,0.0,0.0,1.0,1.0,1.0,1.0,1.0,1.0,1.0,1.0,1.0,1.0,1.0,1.0,1.0,1.0,1.0,1.0,1.0,1.0,1.0,1.0,0.99,1.0,1.0,1.0,1.0,1.0],[0.0,0.0,0.0,0.0,0.01,0.08,0.92,0.97,0.05,0.62,0.0,0.0,0.0,0.0,0.0,0.0,0.0,0.0,0.0,0.0,0.0,0.0,0.77,0.93,0.12,0.0,0.08,0.96,0.96,0.06,0.01,0.0,0.01,0.0,0.0,0.0,0.0,0.0,1.0,1.0,1.0,1.0,1.0,1.0,1.0,1.0,1.0,1.0,1.0,1.0,1.0,1.0,1.0,1.0,1.0,1.0,1.0,1.0,1.0,1.0,1.0,1.0,1.0,1.0],[0.0,0.0,0.0,0.0,0.01,0.06,0.89,0.97,0.08,0.6,0.0,0.0,0.0,0.0,0.0,0.0,0.0,0.0,0.0,0.0,0.0,0.0,0.59,0.93,0.16,0.0,0.17,0.96,0.98,0.08,0.02,0.0,0.01,0.0,0.0,0.0,0.0,0.0,1.0,1.0,1.0,1.0,1.0,1.0,1.0,1.0,1.0,1.0,1.0,0.99,1.0,1.0,1.0,1.0,1.0,1.0,1.0,1.0,1.0,1.0,1.0,1.0,1.0,1.0],[0.0,0.0,0.0,0.0,0.01,0.06,0.51,0.86,0.05,0.23,0.0,0.0,0.0,0.0,0.0,0.0,0.0,0.0,0.0,0.0,0.0,0.0,0.51,0.91,0.28,0.0,0.35,0.92,0.94,0.06,0.01,0.0,0.01,0.0,0.0,0.0,0.0,0.0,0.95,1.0,1.0,1.0,1.0,1.0,1.0,1.0,1.0,1.0,0.56,0.76,1.0,1.0,1.0,1.0,1.0,1.0,1.0,1.0,1.0,1.0,1.0,1.0,1.0,0.99],[0.0,0.0,0.0,0.0,0.01,0.06,0.39,0.65,0.07,0.15,0.0,0.0,0.0,0.0,0.0,0.0,0.0,0.0,0.0,0.0,0.0,0.0,0.21,0.87,0.36,0.0,0.49,0.91,0.94,0.09,0.02,0.0,0.02,0.0,0.0,0.0,0.0,0.0,0.94,0.98,1.0,1.0,1.0,1.0,1.0,1.0,1.0,0.03,0.11,0.06,1.0,1.0,1.0,1.0,1.0,1.0,1.0,1.0,1.0,1.0,1.0,1.0,1.0,0.97],[0.0,0.0,0.0,0.0,0.02,0.07,0.27,0.29,0.05,0.06,0.0,0.0,0.0,0.0,0.0,0.0,0.0,0.0,0.0,0.0,0.0,0.0,0.13,0.81,0.41,0.0,0.46,0.88,0.86,0.1,0.03,0.0,0.03,0.0,0.0,0.0,0.0,0.0,0.02,0.16,0.94,1.0,1.0,1.0,0.9,0.01,0.03,0.01,0.02,0.01,1.0,1.0,1.0,1.0,1.0,1.0,1.0,1.0,1.0,1.0,1.0,1.0,0.93,0.33],[0.0,0.0,0.0,0.0,0.02,0.07,0.25,0.23,0.05,0.05,0.0,0.0,0.0,0.0,0.0,0.0,0.0,0.0,0.0,0.0,0.0,0.0,0.13,0.79,0.45,0.01,0.45,0.86,0.76,0.1,0.03,0.0,0.03,0.0,0.0,0.0,0.0,0.0,0.03,0.1,0.5,0.98,1.0,1.0,0.06,0.03,0.1,0.02,0.02,0.03,0.52,1.0,1.0,1.0,1.0,1.0,1.0,1.0,1.0,1.0,1.0,1.0,0.64,0.14],[0.0,0.0,0.0,0.0,0.02,0.07,0.26,0.24,0.06,0.05,0.0,0.0,0.0,0.0,0.0,0.0,0.0,0.0,0.0,0.0,0.0,0.0,0.16,0.82,0.47,0.01,0.46,0.85,0.71,0.09,0.04,0.0,0.02,0.0,0.0,0.0,0.0,0.0,0.03,0.09,0.44,0.99,1.0,0.99,0.09,0.02,0.06,0.01,0.03,0.02,0.75,0.99,1.0,1.0,1.0,1.0,1.0,1.0,1.0,1.0,1.0,1.0,0.56,0.1],[0.0,0.0,0.0,0.0,0.01,0.04,0.33,0.72,0.11,0.22,0.0,0.0,0.0,0.0,0.0,0.0,0.0,0.0,0.0,0.0,0.0,0.0,0.09,0.8,0.27,0.0,0.44,0.91,0.94,0.15,0.04,0.0,0.02,0.0,0.0,0.0,0.0,0.0,1.0,1.0,1.0,1.0,1.0,1.0,1.0,1.0,1.0,0.01,0.03,0.01,1.0,1.0,1.0,1.0,1.0,1.0,1.0,1.0,1.0,1.0,1.0,1.0,1.0,1.0],[0.0,0.0,0.0,0.0,0.0,0.03,0.58,0.93,0.17,0.55,0.0,0.0,0.0,0.0,0.0,0.0,0.0,0.0,0.0,0.0,0.0,0.0,0.09,0.8,0.16,0.0,0.27,0.95,0.97,0.23,0.04,0.0,0.02,0.0,0.0,0.0,0.0,0.0,1.0,1.0,1.0,1.0,1.0,1.0,1.0,1.0,1.0,0.87,0.06,0.1,1.0,1.0,1.0,1.0,1.0,1.0,1.0,1.0,1.0,1.0,1.0,1.0,1.0,1.0],[0.0,0.0,0.0,0.0,0.0,0.04,0.91,0.98,0.17,0.8,0.0,0.0,0.0,0.0,0.0,0.0,0.0,0.0,0.0,0.0,0.0,0.0,0.25,0.88,0.11,0.0,0.14,0.96,0.98,0.22,0.03,0.0,0.01,0.0,0.0,0.0,0.0,0.0,1.0,1.0,1.0,1.0,1.0,1.0,1.0,1.0,1.0,1.0,1.0,0.99,1.0,1.0,1.0,1.0,1.0,1.0,1.0,1.0,1.0,1.0,1.0,1.0,1.0,1.0],[0.0,0.0,0.0,0.0,0.0,0.02,0.72,0.95,0.61,0.74,0.01,0.0,0.0,0.0,0.0,0.0,0.0,0.0,0.0,0.0,0.0,0.0,0.07,0.26,0.05,0.0,0.1,0.92,0.96,0.79,0.23,0.0,0.05,0.0,0.0,0.0,0.0,0.0,1.0,1.0,1.0,1.0,1.0,1.0,1.0,1.0,1.0,0.93,0.43,0.36,1.0,1.0,1.0,1.0,1.0,1.0,0.93,0.64,0.56,1.0,1.0,1.0,1.0,1.0],[0.0,0.0,0.0,0.0,0.01,0.02,0.53,0.86,0.71,0.54,0.02,0.0,0.0,0.0,0.0,0.0,0.0,0.0,0.0,0.0,0.0,0.0,0.07,0.15,0.06,0.0,0.1,0.83,0.91,0.82,0.39,0.0,0.07,0.0,0.0,0.0,0.0,0.0,1.0,1.0,1.0,1.0,1.0,1.0,1.0,1.0,0.98,0.14,0.08,0.08,1.0,1.0,1.0,1.0,0.99,0.97,0.33,0.14,0.1,1.0,1.0,1.0,1.0,1.0]],
