{
  "atom_chain_ids": ["A","A","A","A","A","A","A","A","A","A","A","A","A","A","A","A","A","A","A","A","A","A","A","A","A","A","A","A","A","A","A","A","A","A","A","A","A","A","A","A","A","A","A","A","A","A","A","A","A","A","A","A","A","A","A","A","A","A","A","A","A","A","A","A","A","A","A","A","A","A","A","A","A","A","A","A","A","A","A","A","A","A","A","A","A","A","A","A","A","A","A","A","A","A","A","A","A","A","A","A","A","A","A","A","A","A","A","A","A","A","A","A","A","A","A","A","A","A","A","A","A","A","A","A","A","A","A","A","A","A","A","A","A","A","A","A","A","A","A","A","A","A","A","A","A","A","A","A","A","A","A","A","A","A","A","A","A","A","A","A","A","A","A","A","A","A","A","A","A","A","A","A","A","A","A","A","A","A","A","A","A","A","A","A","A","A","A","A","A","A","A","A","A","A","A","A","A","A","A","A","A","A","A","A","A","A","A","A","A","A","A","A","A","A","A","A","A","A","A","A","A","A","A","A","A","A","A","A","A","A","A","A","A","A","A","A","A","A","A","A","A","A","A","A","A","A","A","A","A","A","A","A","A","A","A","A","A","A","A","A","A","A","A","A","A","A","A","A","A","A","A","A","A","A","A","A","A","A","A","A","A","A","A","A","A","A","A","A","A","A","A","A","A","A","A","A","A","A","A","A","A","A","A","A","A","A","A","A","A","A","A","A","A","A","A","A","A","A","A","A","A","A","A","A","A","A","A","A","A","A","A","A","A","A","A","A","A","A","A","A","A","A","A","A","A","A","A","A","A","A","A","A","A","A","A","A","A","A","A","A","A","A","A","A","A","A","A","A","A","A","A","A","A","A","A","A","A","A","A","A","A","A","A","A","A","A","A","A","A","A","A","A","A","A","A","A","A","A","A","A","A","A","A","A","A","A","A","A","A","A","A","A","A","A","A","A","A","A","A","A","A","A","A","A","A","A","A","A","A","A","A","A","A","A","A","A","A","A","A","A","A","A","A","A","A","A","A","A","A","A","A","A","A","A","A","A","A","A","A","A","A","A","A","A","A","A","A","A","A","A","A","A","A","A","A","A","A","A","A","A","A","A","A","A","A","A","A","A","A","A","A","A","A","A","A","A","A","A","A","A","A","A","A","A","A","A","A","A","A","A","A","A","A","A","A","A","A","A","A","A","A","A","A","A","A","A","A","A","A","A","A","A","A","A","A","A","A","A","A","A","A","A","A","A","A","A","A","A","A","A","A","A","A","A","A","A","A","A","A","A","A","A","A","A","A","A","A","A","A","A","A","A","A","A","A","A","A","A","A","A","A","A","A","A","A","A","A","A","A","A","A","A","A","A","A","A","A","A","A","A","A","A","A","A","A","A","A","A","A","A","A","A","A","A","A","A","A","A","A","A","A","A","A","A","A","A","A","A","A","A","A","A","A","A","A","A","A","A","A","A","A","A","A","A","A","A","A","A","A","A","A","A","A","A","A","A","A","A","A","A","A","A","A","A","A","A","A","A","A","A","A","A","A","A","A","A","A","A","A","A","A","A","A","A","A","A","A","A","A","A","A","A","A","A","A","A","A","A","A","A","A","A","A","A","A","A","A","A","A","A","A","A","A","A","A","A","A","A","A","A","A","A","A","A","A","A","A","A","A","A","A","A","A","A","A","A","A","A","A","A","A","A","A","A","A","A","A","A","A","A","A","A","A","A","A","A","A","A","A","A","A","A","A","A","A","A","A","A","A","A","A","A","A","A","A","A","A","A","A","A","A","A","A","A","A","A","A","A","A","A","A","A","A","A","A","A","A","A","A","A","A","A","A","A","A","A","A","A","A","A","A","A","A","A","A","A","A","A","A","A","B","B","B","B","B","B","B","B","B","B","B","B","B","B","B","B","B","B","B","B","B","B","B","B","B","B"],
  "atom_plddts": [54.03,56.29,51.16,54.13,57.78,59.11,62.61,63.24,64.14,63.48,62.61,61.35,62.78,62.65,62.34,62.24,62.16,61.44,60.5,61.16,61.54,61.15,62.92,65.16,62.02,58.43,60.47,62.99,63.39,64.77,65.5,66.32,65.21,65.87,65.04,65.87,67.22,68.32,68.63,68.88,68.45,67.72,68.47,67.99,67.53,68.07,68.18,69.88,67.43,69.02,69.59,69.74,71.18,71.81,71.74,70.84,72.57,71.28,72.2,73.68,74.29,74.42,75.39,75.02,74.49,74.53,73.96,74.64,75.04,76.39,73.62,75.39,76.81,77.63,79.21,80.33,80.37,79.94,80.96,79.56,80.61,81.77,81.1,80.59,81.62,81.76,81.21,81.44,81.59,81.2,79.12,80.53,81.5,81.61,83.39,83.71,83.73,83.22,84.04,83.03,84.11,84.91,84.46,83.93,84.87,84.99,84.49,84.67,84.7,83.16,81.7,82.78,83.16,83.04,84.45,84.86,84.71,84.27,84.85,83.76,84.88,85.49,85.18,84.58,85.37,85.41,84.99,85.23,85.27,83.57,82.49,83.05,83.22,82.88,84.04,84.23,84.03,83.45,83.93,82.77,84.25,84.74,84.41,83.64,84.52,84.7,84.2,84.49,84.47,81.16,78.92,79.42,80.46,81.62,83.35,83.48,83.87,83.03,82.84,81.63,83.77,84.26,83.12,82.83,83.6,83.25,82.41,83.04,82.97,82.67,83.72,84.09,81.68,80.23,80.5,79.9,78.84,80.35,80.49,81.48,79.97,79.85,76.76,79.69,79.51,77.37,76.0,77.72,76.86,75.5,75.41,75.59,75.18,78.14,79.73,76.84,77.7,80.21,80.49,82.52,82.82,82.81,82.33,83.01,82.06,83.3,84.03,83.67,83.25,84.15,84.26,83.71,83.99,84.07,83.35,81.96,82.79,83.49,83.46,84.43,84.72,84.57,84.14,84.68,83.62,84.81,85.46,85.13,84.61,85.33,85.37,84.89,85.1,85.24,84.9,83.84,84.57,84.54,84.3,85.51,85.84,85.96,85.36,85.71,84.48,85.64,86.11,85.82,85.63,86.1,85.76,85.33,85.73,85.51,84.96,85.76,86.03,84.04,83.83,84.42,82.95,82.02,83.27,83.44,83.4,82.44,82.88,81.38,83.07,83.69,83.83,83.57,84.05,83.71,83.29,83.72,83.37,82.35,83.28,83.62,84.53,83.89,84.44,83.94,82.76,84.36,84.37,84.31,83.74,84.15,82.66,84.38,85.04,84.7,83.79,84.56,84.53,83.83,84.45,84.61,83.36,82.88,83.01,81.86,80.47,81.9,81.75,82.07,81.0,81.09,78.93,81.62,82.14,81.51,80.68,81.27,80.6,79.33,80.68,80.58,78.91,80.78,81.77,81.37,79.77,79.87,79.24,76.76,79.23,79.12,81.14,79.61,78.27,75.33,77.22,76.68,73.87,72.72,73.21,71.36,69.78,70.58,71.0,71.52,74.94,77.3,74.67,75.4,76.61,75.41,77.04,76.67,77.8,76.23,75.41,72.93,75.43,75.81,74.11,72.93,73.98,73.23,71.53,72.79,72.73,69.72,73.25,75.54,71.74,69.37,70.96,71.47,70.1,70.51,70.1,71.56,69.71,68.89,67.44,69.48,70.03,68.43,67.56,69.12,68.18,66.75,66.94,66.7,66.58,69.63,75.92,72.62,73.41,76.17,76.96,78.95,79.62,79.64,78.83,79.53,77.83,79.81,80.78,80.41,80.24,81.18,80.85,80.03,80.58,80.29,80.1,80.86,81.07,82.29,79.9,80.84,82.63,82.13,84.45,84.82,84.47,84.13,84.77,83.62,84.97,85.61,85.3,84.75,85.58,85.58,84.98,85.42,85.61,85.41,84.5,85.12,84.94,84.15,85.55,85.67,85.33,84.87,85.33,84.15,85.56,86.12,86.13,85.49,86.28,86.39,85.97,86.25,86.2,85.3,84.25,84.97,84.49,84.09,85.12,85.39,85.43,84.75,85.41,84.23,85.57,86.13,86.13,85.89,86.51,86.38,85.95,86.15,85.83,85.84,86.28,83.88,82.02,82.39,83.24,83.52,84.85,84.94,85.04,84.29,84.74,83.58,85.4,85.95,85.79,85.58,86.39,86.39,85.85,86.21,85.85,85.53,86.19,86.34,82.37,79.99,80.06,80.85,81.13,83.15,83.25,84.05,82.73,82.13,79.07,82.67,82.73,80.26,78.69,80.52,80.13,78.38,79.26,79.47,77.62,81.0,82.3,77.38,74.7,75.03,76.11,74.97,76.55,76.75,78.04,76.42,75.74,71.82,75.8,75.47,71.84,68.4,71.13,70.66,68.14,69.53,71.12,78.05,74.61,74.45,77.39,77.59,79.71,80.5,80.96,80.04,80.61,78.89,80.54,81.04,79.41,78.86,80.33,79.75,78.51,78.79,78.76,79.29,80.96,78.74,76.22,76.67,77.8,77.91,79.63,80.29,80.54,79.62,80.37,78.59,80.55,81.32,80.32,79.79,81.05,80.8,79.68,79.98,79.75,79.83,81.19,79.85,75.93,76.56,80.23,80.64,82.81,83.39,83.33,82.75,83.38,82.13,83.79,84.4,83.81,83.21,84.23,84.33,83.6,84.04,84.18,80.42,77.19,77.37,79.73,80.88,83.05,83.55,83.74,82.95,83.29,82.06,84.05,84.71,84.26,84.18,85.0,84.78,84.08,84.52,84.27,84.2,85.0,85.15,77.75,76.19,77.37,75.84,75.44,77.52,77.98,78.96,77.53,77.8,74.78,77.93,78.57,76.37,75.22,76.76,76.16,74.68,75.0,74.95,74.64,77.12,74.83,71.9,72.77,74.22,75.09,76.43,77.39,78.09,76.6,77.72,75.47,77.65,78.61,76.61,76.08,77.59,77.18,75.82,76.17,76.07,76.42,78.25,71.49,68.39,69.78,71.72,70.48,71.64,71.49,74.07,72.48,69.88,67.01,69.97,68.87,64.82,61.62,62.36,61.39,59.19,61.83,64.71,75.33,70.72,71.68,76.35,78.66,80.81,82.19,82.03,81.64,82.46,81.51,82.6,83.56,83.01,83.18,83.93,83.67,83.09,83.47,83.29,83.63,83.94,83.89,80.39,78.75,79.53,80.06,80.32,81.85,82.79,82.53,81.9,82.75,81.67,82.83,83.61,83.34,83.22,83.77,83.5,83.03,83.41,83.16,82.95,83.46,83.58,81.89,81.5,82.29,80.61,80.11,80.93,81.35,81.39,80.4,81.59,80.07,81.6,82.42,82.41,82.03,82.69,82.34,81.79,82.04,81.69,81.76,82.36,81.46,80.16,81.11,80.55,81.14,82.17,82.83,82.6,82.12,82.83,80.76,82.45,83.27,82.47,81.36,82.15,82.12,81.33,82.02,82.4,81.04,80.3,80.56,79.82,78.81,80.29,80.28,80.0,79.49,79.73,77.77,79.56,80.34,80.27,78.91,79.83,79.85,78.96,79.75,79.95,80.05,80.21,79.84,78.45,76.78,77.93,77.37,77.46,76.72,76.4,74.44,76.24,76.83,76.42,74.48,75.32,75.12,74.02,75.35,76.08,80.58,78.79,80.15,86.71,88.39,88.9,88.38,87.23,86.78,85.69,76.27,79.35,88.17,89.0,89.3,88.33,86.7,85.35,82.66,73.87,74.51,85.61,86.91,88.52,81.65,79.57],
  "contact_probs": [[1.0,0.99,0.13,0.0,0.0,0.0,0.0,0.0,0.0,0.0,0.0,0.0,0.0,0.0,0.0,0.0,0.0,0.0,0.0,0.0,0.0,0.0,0.0,0.0,0.0,0.0,0.0,0.0,0.0,0.0,0.0,0.0,0.0,0.0,0.0,0.0,0.06,0.98,0.0,0.0,0.0,0.0,0.0,0.0,0.0,0.0,0.0,0.0,0.0,0.0,0.0,0.0,0.0,0.0,0.0,0.0,0.0,0.0,0.0,0.0,0.0,0.0,0.0,0.0],[0.99,1.0,1.0,0.05,0.0,0.0,0.0,0.0,0.0,0.0,0.0,0.0,0.0,0.0,0.0,0.0,0.0,0.0,0.0,0.0,0.0,0.0,0.0,0.0,0.0,0.0,0.0,0.0,0.0,0.0,0.0,0.0,0.0,0.0,0.0,0.03,0.99,0.96,0.0,0.0,0.0,0.0,0.0,0.0,0.0,0.0,0.0,0.0,0.0,0.0,0.0,0.0,0.0,0.0,0.0,0.0,0.0,0.0,0.0,0.0,0.0,0.0,0.0,0.0],[0.13,1.0,1.0,1.0,0.03,0.0,0.0,0.0,0.0,0.0,0.0,0.0,0.0,0.0,0.0,0.0,0.0,0.0,0.0,0.0,0.0,0.0,0.0,0.0,0.0,0.0,0.0,0.0,0.0,0.0,0.0,0.0,0.0,0.0,0.02,0.99,0.99,0.74,0.0,0.0,0.0,0.0,0.0,0.0,0.0,0.0,0.0,0.0,0.0,0.0,0.0,0.0,0.0,0.0,0.0,0.0,0.0,0.0,0.0,0.0,0.0,0.0,0.0,0.0],[0.0,0.05,1.0,1.0,1.0,0.02,0.0,0.0,0.0,0.0,0.0,0.0,0.0,0.0,0.0,0.0,0.0,0.0,0.0,0.0,0.0,0.0,0.0,0.0,0.0,0.0,0.0,0.0,0.0,0.0,0.0,0.0,0.0,0.02,0.99,1.0,0.86,0.0,0.0,0.0,0.0,0.0,0.0,0.0,0.0,0.0,0.0,0.0,0.0,0.0,0.0,0.0,0.0,0.0,0.0,0.0,0.0,0.0,0.0,0.0,0.0,0.0,0.0,0.0],[0.0,0.0,0.03,1.0,1.0,1.0,0.42,0.0,0.0,0.0,0.0,0.0,0.0,0.0,0.0,0.0,0.0,0.0,0.0,0.0,0.0,0.0,0.0,0.01,0.0,0.0,0.0,0.0,0.01,0.0,0.0,0.0,0.02,0.99,0.99,0.91,0.0,0.0,0.0,0.0,0.0,0.0,0.0,0.0,0.0,0.01,0.01,0.02,0.05,0.06,0.01,0.0,0.01,0.01,0.01,0.01,0.02,0.02,0.02,0.01,0.0,0.0,0.0,0.0],[0.0,0.0,0.0,0.02,1.0,1.0,0.99,0.0,0.0,0.0,0.0,0.0,0.0,0.0,0.0,0.0,0.0,0.0,0.0,0.0,0.0,0.0,0.0,0.01,0.0,0.0,0.0,0.0,0.09,0.01,0.02,0.0,0.99,0.99,0.88,0.0,0.0,0.0,0.02,0.02,0.03,0.02,0.02,0.07,0.16,0.39,0.49,0.57,0.51,0.5,0.32,0.12,0.08,0.06,0.06,0.05,0.06,0.06,0.06,0.03,0.03,0.03,0.02,0.02],[0.0,0.0,0.0,0.0,0.42,0.99,1.0,0.79,0.06,0.0,0.0,0.0,0.0,0.0,0.0,0.0,0.0,0.0,0.0,0.0,0.0,0.0,0.0,0.03,0.0,0.0,0.0,0.01,0.99,0.5,0.63,0.01,0.97,0.72,0.0,0.0,0.0,0.0,0.51,0.55,0.7,0.87,0.94,0.94,0.93,0.91,0.91,0.88,0.88,0.82,0.91,0.94,0.92,0.89,0.51,0.37,0.26,0.24,0.25,0.32,0.58,0.91,0.73,0.54],[0.0,0.0,0.0,0.0,0.0,0.0,0.79,1.0,0.6,0.99,0.45,0.0,0.0,0.0,0.0,0.0,0.0,0.0,0.0,0.0,0.0,0.01,0.8,0.2,0.01,0.0,0.01,0.99,0.24,0.15,0.01,0.0,0.0,0.0,0.0,0.0,0.0,0.0,0.84,0.89,0.95,0.97,0.98,0.98,0.97,0.96,0.97,0.93,0.92,0.89,0.97,0.98,0.97,0.97,0.85,0.64,0.28,0.22,0.24,0.71,0.94,0.98,0.96,0.88],[0.0,0.0,0.0,0.0,0.0,0.0,0.06,0.6,1.0,0.21,0.0,0.0,0.0,0.0,0.0,0.0,0.0,0.0,0.0,0.0,0.0,0.0,0.01,0.01,0.0,0.0,0.01,0.1,0.12,0.91,0.37,0.0,0.0,0.0,0.0,0.0,0.0,0.0,0.79,0.75,0.64,0.57,0.31,0.23,0.38,0.26,0.07,0.04,0.03,0.04,0.05,0.07,0.05,0.07,0.05,0.06,0.05,0.05,0.05,0.1,0.16,0.15,0.62,0.73],[0.0,0.0,0.0,0.0,0.0,0.0,0.0,0.99,0.21,1.0,1.0,0.05,0.0,0.0,0.0,0.0,0.0,0.0,0.0,0.0,0.0,0.09,0.99,0.1,0.04,0.02,0.5,0.97,0.01,0.02,0.0,0.0,0.0,0.0,0.0,0.0,0.0,0.0,0.49,0.59,0.76,0.89,0.93,0.92,0.89,0.76,0.6,0.24,0.15,0.16,0.55,0.81,0.6,0.59,0.22,0.15,0.06,0.05,0.05,0.21,0.54,0.8,0.74,0.56],[0.0,0.0,0.0,0.0,0.0,0.0,0.0,0.45,0.0,1.0,1.0,1.0,0.23,0.0,0.0,0.0,0.0,0.0,0.0,0.0,0.08,0.99,0.99,0.04,0.07,0.88,0.93,0.79,0.0,0.0,0.0,0.0,0.0,0.0,0.0,0.0,0.0,0.0,0.01,0.02,0.01,0.0,0.0,0.0,0.0,0.0,0.0,0.0,0.0,0.01,0.0,0.0,0.0,0.0,0.0,0.0,0.0,0.0,0.0,0.0,0.0,0.0,0.01,0.02],[0.0,0.0,0.0,0.0,0.0,0.0,0.0,0.0,0.0,0.05,1.0,1.0,1.0,0.14,0.0,0.0,0.0,0.0,0.0,0.06,1.0,1.0,0.7,0.0,0.01,0.77,0.18,0.0,0.0,0.0,0.0,0.0,0.0,0.0,0.0,0.0,0.0,0.0,0.0,0.0,0.0,0.0,0.0,0.0,0.0,0.0,0.0,0.0,0.0,0.0,0.0,0.0,0.0,0.0,0.0,0.0,0.0,0.0,0.0,0.0,0.0,0.0,0.0,0.0],[0.0,0.0,0.0,0.0,0.0,0.0,0.0,0.0,0.0,0.0,0.23,1.0,1.0,1.0,0.36,0.0,0.0,0.0,0.06,0.99,1.0,0.87,0.0,0.0,0.0,0.01,0.0,0.0,0.0,0.0,0.0,0.0,0.0,0.0,0.0,0.0,0.0,0.0,0.0,0.0,0.0,0.0,0.0,0.0,0.0,0.0,0.0,0.0,0.0,0.0,0.0,0.0,0.0,0.0,0.0,0.0,0.0,0.0,0.0,0.0,0.0,0.0,0.0,0.0],[0.0,0.0,0.0,0.0,0.0,0.0,0.0,0.0,0.0,0.0,0.0,0.14,1.0,1.0,1.0,0.0,0.01,0.01,0.99,1.0,0.88,0.0,0.0,0.0,0.0,0.0,0.0,0.0,0.0,0.0,0.0,0.0,0.0,0.0,0.0,0.0,0.0,0.0,0.0,0.0,0.0,0.0,0.0,0.0,0.0,0.0,0.0,0.0,0.0,0.0,0.0,0.0,0.0,0.0,0.0,0.0,0.0,0.0,0.0,0.0,0.0,0.0,0.0,0.0],[0.0,0.0,0.0,0.0,0.0,0.0,0.0,0.0,0.0,0.0,0.0,0.0,0.36,1.0,1.0,0.16,0.95,0.89,0.99,0.81,0.0,0.0,0.0,0.0,0.0,0.0,0.0,0.0,0.0,0.0,0.0,0.0,0.0,0.0,0.0,0.0,0.0,0.0,0.0,0.0,0.0,0.0,0.0,0.0,0.0,0.0,0.0,0.0,0.0,0.0,0.0,0.0,0.0,0.0,0.0,0.0,0.0,0.0,0.0,0.0,0.0,0.0,0.0,0.0],[0.0,0.0,0.0,0.0,0.0,0.0,0.0,0.0,0.0,0.0,0.0,0.0,0.0,0.0,0.16,1.0,0.99,0.51,0.0,0.0,0.0,0.0,0.0,0.0,0.0,0.0,0.0,0.0,0.0,0.0,0.0,0.0,0.0,0.0,0.0,0.0,0.0,0.0,0.0,0.0,0.0,0.0,0.0,0.0,0.0,0.0,0.0,0.0,0.0,0.0,0.0,0.0,0.0,0.0,0.0,0.0,0.0,0.0,0.0,0.0,0.0,0.0,0.0,0.0],[0.0,0.0,0.0,0.0,0.0,0.0,0.0,0.0,0.0,0.0,0.0,0.0,0.0,0.01,0.95,0.99,1.0,0.99,0.73,0.0,0.0,0.0,0.0,0.0,0.0,0.0,0.0,0.0,0.0,0.0,0.0,0.0,0.0,0.0,0.0,0.0,0.0,0.0,0.0,0.0,0.0,0.0,0.0,0.0,0.0,0.0,0.0,0.0,0.0,0.0,0.0,0.0,0.0,0.0,0.0,0.0,0.0,0.0,0.0,0.0,0.0,0.0,0.0,0.0],[0.0,0.0,0.0,0.0,0.0,0.0,0.0,0.0,0.0,0.0,0.0,0.0,0.0,0.01,0.89,0.51,0.99,1.0,0.99,0.12,0.0,0.0,0.0,0.0,0.0,0.0,0.0,0.0,0.0,0.0,0.0,0.0,0.0,0.0,0.0,0.0,0.0,0.0,0.0,0.0,0.0,0.0,0.0,0.0,0.0,0.0,0.0,0.0,0.0,0.0,0.0,0.0,0.0,0.0,0.0,0.0,0.0,0.0,0.0,0.0,0.0,0.0,0.0,0.0],[0.0,0.0,0.0,0.0,0.0,0.0,0.0,0.0,0.0,0.0,0.0,0.0,0.06,0.99,0.99,0.0,0.73,0.99,1.0,1.0,0.07,0.0,0.0,0.0,0.0,0.0,0.0,0.0,0.0,0.0,0.0,0.0,0.0,0.0,0.0,0.0,0.0,0.0,0.0,0.0,0.0,0.0,0.0,0.0,0.0,0.0,0.0,0.0,0.0,0.0,0.0,0.0,0.0,0.0,0.0,0.0,0.0,0.0,0.0,0.0,0.0,0.0,0.0,0.0],[0.0,0.0,0.0,0.0,0.0,0.0,0.0,0.0,0.0,0.0,0.0,0.06,0.99,1.0,0.81,0.0,0.0,0.12,1.0,1.0,1.0,0.22,0.0,0.0,0.0,0.0,0.0,0.0,0.0,0.0,0.0,0.0,0.0,0.0,0.0,0.0,0.0,0.0,0.0,0.0,0.0,0.0,0.0,0.0,0.0,0.0,0.0,0.0,0.0,0.0,0.0,0.0,0.0,0.0,0.0,0.0,0.0,0.0,0.0,0.0,0.0,0.0,0.0,0.0],[0.0,0.0,0.0,0.0,0.0,0.0,0.0,0.0,0.0,0.0,0.08,1.0,1.0,0.88,0.0,0.0,0.0,0.0,0.07,1.0,1.0,1.0,0.22,0.0,0.0,0.0,0.0,0.0,0.0,0.0,0.0,0.0,0.0,0.0,0.0,0.0,0.0,0.0,0.0,0.0,0.0,0.0,0.0,0.0,0.0,0.0,0.0,0.0,0.0,0.0,0.0,0.0,0.0,0.0,0.0,0.0,0.0,0.0,0.0,0.0,0.0,0.0,0.0,0.0],[0.0,0.0,0.0,0.0,0.0,0.0,0.0,0.01,0.0,0.09,0.99,1.0,0.87,0.0,0.0,0.0,0.0,0.0,0.0,0.22,1.0,1.0,1.0,0.03,0.04,0.18,0.02,0.0,0.0,0.0,0.0,0.0,0.0,0.0,0.0,0.0,0.0,0.0,0.0,0.0,0.0,0.0,0.0,0.0,0.0,0.0,0.0,0.0,0.01,0.0,0.0,0.0,0.0,0.0,0.0,0.0,0.0,0.0,0.0,0.0,0.0,0.0,0.0,0.0],[0.0,0.0,0.0,0.0,0.0,0.0,0.0,0.8,0.01,0.99,0.99,0.7,0.0,0.0,0.0,0.0,0.0,0.0,0.0,0.0,0.22,1.0,1.0,0.76,0.21,0.34,0.63,0.77,0.0,0.0,0.0,0.0,0.0,0.0,0.0,0.0,0.0,0.0,0.06,0.06,0.06,0.07,0.17,0.38,0.2,0.25,0.56,0.48,0.47,0.39,0.74,0.74,0.78,0.57,0.5,0.2,0.12,0.12,0.15,0.09,0.09,0.24,0.07,0.07],[0.0,0.0,0.0,0.0,0.01,0.01,0.03,0.2,0.01,0.1,0.04,0.0,0.0,0.0,0.0,0.0,0.0,0.0,0.0,0.0,0.0,0.03,0.76,1.0,0.44,0.03,0.23,0.66,0.18,0.0,0.0,0.0,0.0,0.0,0.0,0.0,0.0,0.0,0.11,0.14,0.23,0.37,0.79,0.83,0.53,0.48,0.69,0.57,0.53,0.45,0.86,0.92,0.93,0.93,0.91,0.87,0.82,0.79,0.83,0.8,0.79,0.88,0.24,0.14],[0.0,0.0,0.0,0.0,0.0,0.0,0.0,0.01,0.0,0.04,0.07,0.01,0.0,0.0,0.0,0.0,0.0,0.0,0.0,0.0,0.0,0.04,0.21,0.44,1.0,0.67,0.74,0.52,0.01,0.0,0.0,0.0,0.0,0.0,0.0,0.0,0.0,0.0,0.04,0.05,0.04,0.04,0.05,0.05,0.04,0.04,0.05,0.05,0.06,0.07,0.07,0.07,0.12,0.16,0.28,0.34,0.41,0.44,0.46,0.26,0.15,0.11,0.05,0.05],[0.0,0.0,0.0,0.0,0.0,0.0,0.0,0.0,0.0,0.02,0.88,0.77,0.01,0.0,0.0,0.0,0.0,0.0,0.0,0.0,0.0,0.18,0.34,0.03,0.67,1.0,0.98,0.08,0.0,0.0,0.0,0.0,0.0,0.0,0.0,0.0,0.0,0.0,0.0,0.0,0.0,0.0,0.0,0.0,0.0,0.0,0.0,0.0,0.0,0.01,0.0,0.0,0.0,0.0,0.0,0.0,0.0,0.01,0.01,0.0,0.0,0.0,0.0,0.0],[0.0,0.0,0.0,0.0,0.0,0.0,0.0,0.01,0.01,0.5,0.93,0.18,0.0,0.0,0.0,0.0,0.0,0.0,0.0,0.0,0.0,0.02,0.63,0.23,0.74,0.98,1.0,0.97,0.0,0.0,0.0,0.0,0.0,0.0,0.0,0.0,0.0,0.0,0.07,0.09,0.09,0.07,0.05,0.05,0.05,0.04,0.06,0.04,0.04,0.04,0.05,0.06,0.08,0.17,0.35,0.5,0.47,0.45,0.46,0.45,0.27,0.13,0.09,0.1],[0.0,0.0,0.0,0.0,0.0,0.0,0.01,0.99,0.1,0.97,0.79,0.0,0.0,0.0,0.0,0.0,0.0,0.0,0.0,0.0,0.0,0.0,0.77,0.66,0.52,0.08,0.97,1.0,0.68,0.02,0.0,0.0,0.0,0.0,0.0,0.0,0.0,0.0,0.79,0.83,0.92,0.95,0.97,0.97,0.92,0.72,0.67,0.31,0.23,0.23,0.85,0.96,0.96,0.96,0.93,0.92,0.89,0.87,0.86,0.92,0.95,0.96,0.92,0.83],[0.0,0.0,0.0,0.0,0.01,0.09,0.99,0.24,0.12,0.01,0.0,0.0,0.0,0.0,0.0,0.0,0.0,0.0,0.0,0.0,0.0,0.0,0.0,0.18,0.01,0.0,0.0,0.68,1.0,0.78,0.6,0.01,0.76,0.01,0.0,0.0,0.0,0.0,0.91,0.91,0.96,0.97,0.98,0.98,0.95,0.89,0.82,0.4,0.23,0.25,0.88,0.97,0.96,0.98,0.95,0.95,0.86,0.77,0.72,0.94,0.98,0.98,0.96,0.92],[0.0,0.0,0.0,0.0,0.0,0.01,0.5,0.15,0.91,0.02,0.0,0.0,0.0,0.0,0.0,0.0,0.0,0.0,0.0,0.0,0.0,0.0,0.0,0.0,0.0,0.0,0.0,0.02,0.78,1.0,0.95,0.01,0.55,0.0,0.0,0.0,0.0,0.0,0.87,0.83,0.82,0.78,0.5,0.33,0.52,0.3,0.08,0.05,0.03,0.04,0.06,0.08,0.06,0.08,0.06,0.09,0.1,0.1,0.09,0.15,0.22,0.21,0.81,0.84],[0.0,0.0,0.0,0.0,0.0,0.02,0.63,0.01,0.37,0.0,0.0,0.0,0.0,0.0,0.0,0.0,0.0,0.0,0.0,0.0,0.0,0.0,0.0,0.0,0.0,0.0,0.0,0.0,0.6,0.95,1.0,0.05,0.97,0.1,0.0,0.0,0.0,0.0,0.52,0.44,0.27,0.12,0.04,0.02,0.05,0.03,0.01,0.01,0.01,0.01,0.01,0.01,0.01,0.02,0.01,0.02,0.03,0.03,0.04,0.04,0.03,0.03,0.24,0.4],[0.0,0.0,0.0,0.0,0.0,0.0,0.01,0.0,0.0,0.0,0.0,0.0,0.0,0.0,0.0,0.0,0.0,0.0,0.0,0.0,0.0,0.0,0.0,0.0,0.0,0.0,0.0,0.0,0.01,0.01,0.05,1.0,0.02,0.01,0.0,0.0,0.0,0.0,0.0,0.0,0.0,0.0,0.0,0.0,0.0,0.0,0.0,0.0,0.0,0.0,0.0,0.0,0.0,0.0,0.0,0.0,0.0,0.0,0.0,0.0,0.0,0.0,0.0,0.0],[0.0,0.0,0.0,0.0,0.02,0.99,0.97,0.0,0.0,0.0,0.0,0.0,0.0,0.0,0.0,0.0,0.0,0.0,0.0,0.0,0.0,0.0,0.0,0.0,0.0,0.0,0.0,0.0,0.76,0.55,0.97,0.02,1.0,1.0,0.04,0.0,0.0,0.0,0.07,0.09,0.06,0.02,0.01,0.01,0.03,0.02,0.01,0.01,0.02,0.01,0.01,0.01,0.01,0.01,0.01,0.02,0.02,0.02,0.03,0.02,0.02,0.01,0.06,0.08],[0.0,0.0,0.0,0.02,0.99,0.99,0.72,0.0,0.0,0.0,0.0,0.0,0.0,0.0,0.0,0.0,0.0,0.0,0.0,0.0,0.0,0.0,0.0,0.0,0.0,0.0,0.0,0.0,0.01,0.0,0.1,0.01,1.0,1.0,1.0,0.02,0.0,0.0,0.0,0.0,0.0,0.0,0.0,0.0,0.0,0.0,0.0,0.0,0.0,0.0,0.0,0.0,0.0,0.0,0.0,0.0,0.0,0.0,0.0,0.0,0.0,0.0,0.0,0.0],[0.0,0.0,0.02,0.99,0.99,0.88,0.0,0.0,0.0,0.0,0.0,0.0,0.0,0.0,0.0,0.0,0.0,0.0,0.0,0.0,0.0,0.0,0.0,0.0,0.0,0.0,0.0,0.0,0.0,0.0,0.0,0.0,0.04,1.0,1.0,1.0,0.03,0.0,0.0,0.0,0.0,0.0,0.0,0.0,0.0,0.0,0.0,0.0,0.0,0.0,0.0,0.0,0.0,0.0,0.0,0.0,0.0,0.0,0.0,0.0,0.0,0.0,0.0,0.0],[0.0,0.03,0.99,1.0,0.91,0.0,0.0,0.0,0.0,0.0,0.0,0.0,0.0,0.0,0.0,0.0,0.0,0.0,0.0,0.0,0.0,0.0,0.0,0.0,0.0,0.0,0.0,0.0,0.0,0.0,0.0,0.0,0.0,0.02,1.0,1.0,1.0,0.03,0.0,0.0,0.0,0.0,0.0,0.0,0.0,0.0,0.0,0.0,0.0,0.0,0.0,0.0,0.0,0.0,0.0,0.0,0.0,0.0,0.0,0.0,0.0,0.0,0.0,0.0],[0.06,0.99,0.99,0.86,0.0,0.0,0.0,0.0,0.0,0.0,0.0,0.0,0.0,0.0,0.0,0.0,0.0,0.0,0.0,0.0,0.0,0.0,0.0,0.0,0.0,0.0,0.0,0.0,0.0,0.0,0.0,0.0,0.0,0.0,0.03,1.0,1.0,0.99,0.0,0.0,0.0,0.0,0.0,0.0,0.0,0.0,0.0,0.0,0.0,0.0,0.0,0.0,0.0,0.0,0.0,0.0,0.0,0.0,0.0,0.0,0.0,0.0,0.0,0.0],[0.98,0.96,0.74,0.0,0.0,0.0,0.0,0.0,0.0,0.0,0.0,0.0,0.0,0.0,0.0,0.0,0.0,0.0,0.0,0.0,0.0,0.0,0.0,0.0,0.0,0.0,0.0,0.0,0.0,0.0,0.0,0.0,0.0,0.0,0.0,0.03,0.99,1.0,0.0,0.0,0.0,0.0,0.0,0.0,0.0,0.0,0.0,0.0,0.0,0.0,0.0,0.0,0.0,0.0,0.0,0.0,0.0,0.0,0.0,0.0,0.0,0.0,0.0,0.0],[0.0,0.0,0.0,0.0,0.0,0.02,0.51,0.84,0.79,0.49,0.01,0.0,0.0,0.0,0.0,0.0,0.0,0.0,0.0,0.0,0.0,0.0,0.06,0.11,0.04,0.0,0.07,0.79,0.91,0.87,0.52,0.0,0.07,0.0,0.0,0.0,0.0,0.0,1.0,1.0,1.0,1.0,1.0,1.0,1.0,1.0,0.92,0.02,0.03,0.02,0.94,1.0,1.0,1.0,0.94,0.94,0.02,0.03,0.03,1.0,1.0,1.0,1.0,1.0],[0.0,0.0,0.0,0.0,0.0,0.02,0.55,0.89,0.75,0.59,0.02,0.0,0.0,0.0,0.0,0.0,0.0,0.0,0.0,0.0,0.0,0.0,0.06,0.14,0.05,0.0,0.09,0.83,0.91,0.83,0.44,0.0,0.09,0.0,0.0,0.0,0.0,0.0,1.0,1.0,1.0,1.0,1.0,1.0,1.0,1.0,0.98,0.28,0.09,0.12,0.99,1.0,1.0,1.0,1.0,0.98,0.16,0.09,0.08,1.0,1.0,1.0,1.0,1.0],[0.0,0.0,0.0,0.0,0.0,0.03,0.7,0.95,0.64,0.76,0.01,0.0,0.0,0.0,0.0,0.0,0.0,0.0,0.0,0.0,0.0,0.0,0.06,0.23,0.04,0.0,0.09,0.92,0.96,0.82,0.27,0.0,0.06,0.0,0.0,0.0,0.0,0.0,1.0,1.0,1.0,1.0,1.0,1.0,1.0,1.0,1.0,0.91,0.47,0.55,1.0,1.0,1.0,1.0,1.0,1.0,0.94,0.5,0.43,1.0,1.0,1.0,1.0,1.0],[0.0,0.0,0.0,0.0,0.0,0.02,0.87,0.97,0.57,0.89,0.0,0.0,0.0,0.0,0.0,0.0,0.0,0.0,0.0,0.0,0.0,0.0,0.07,0.37,0.04,0.0,0.07,0.95,0.97,0.78,0.12,0.0,0.02,0.0,0.0,0.0,0.0,0.0,1.0,1.0,1.0,1.0,1.0,1.0,1.0,1.0,1.0,1.0,0.98,0.95,1.0,1.0,1.0,1.0,1.0,1.0,1.0,0.98,0.99,1.0,1.0,1.0,1.0,1.0],[0.0,0.0,0.0,0.0,0.0,0.02,0.94,0.98,0.31,0.93,0.0,0.0,0.0,0.0,0.0,0.0,0.0,0.0,0.0,0.0,0.0,0.0,0.17,0.79,0.05,0.0,0.05,0.97,0.98,0.5,0.04,0.0,0.01,0.0,0.0,0.0,0.0,0.0,1.0,1.0,1.0,1.0,1.0,1.0,1.0,1.0,1.0,1.0,1.0,1.0,1.0,1.0,1.0,1.0,1.0,1.0,1.0,1.0,1.0,1.0,1.0,1.0,1.0,1.0],[0.0,0.0,0.0,0.0,0.0,0.07,0.94,0.98,0.23,0.92,0.0,0.0,0.0,0.0,0.0,0.0,0.0,0.0,0.0,0.0,0.0,0.0,0.38,0.83,0.05,0.0,0.05,0.97,0.98,0.33,0.02,0.0,0.01,0.0,0.0,0.0,0.0,0.0,1.0,1.0,1.0,1.0,1.0,1.0,1.0,1.0,1.0,1.0,1.0,1.0,1.0,1.0,1.0,1.0,1.0,1.0,1.0,1.0,0.99,1.0,1.0,1.0,1.0,1.0],[0.0,0.0,0.0,0.0,0.0,0.16,0.93,0.97,0.38,0.89,0.0,0.0,0.0,0.0,0.0,0.0,0.0,0.0,0.0,0.0,0.0,0.0,0.2,0.53,0.04,0.0,0.05,0.92,0.95,0.52,0.05,0.0,0.03,0.0,0.0,0.0,0.0,0.0,1.0,1.0,1.0,1.0,1.0,1.0,1.0,1.0,1.0,1.0,1.0,1.0,1.0,1.0,1.0,1.0,1.0,1.0,0.9,0.06,0.09,1.0,1.0,1.0,1.0,1.0],[0.0,0.0,0.0,0.0,0.01,0.39,0.91,0.96,0.26,0.76,0.0,0.0,0.0,0.0,0.0,0.0,0.0,0.0,0.0,0.0,0.0,0.0,0.25,0.48,0.04,0.0,0.04,0.72,0.89,0.3,0.03,0.0,0.02,0.0,0.0,0.0,0.0,0.0,1.0,1.0,1.0,1.0,1.0,1.0,1.0,1.0,1.0,1.0,1.0,1.0,1.0,1.0,1.0,1.0,1.0,1.0,0.01,0.03,0.02,1.0,1.0,1.0,1.0,1.0],[0.0,0.0,0.0,0.0,0.01,0.49,0.91,0.97,0.07,0.6,0.0,0.0,0.0,0.0,0.0,0.0,0.0,0.0,0.0,0.0,0.0,0.0,0.56,0.69,0.05,0.0,0.06,0.67,0.82,0.08,0.01,0.0,0.01,0.0,0.0,0.0,0.0,0.0,0.92,0.98,1.0,1.0,1.0,1.0,1.0,1.0,1.0,1.0,1.0,1.0,1.0,1.0,1.0,1.0,1.0,1.0,0.04,0.1,0.06,1.0,1.0,1.0,1.0,0.98],[0.0,0.0,0.0,0.0,0.02,0.57,0.88,0.93,0.04,0.24,0.0,0.0,0.0,0.0,0.0,0.0,0.0,0.0,0.0,0.0,0.0,0.0,0.48,0.57,0.05,0.0,0.04,0.31,0.4,0.05,0.01,0.0,0.01,0.0,0.0,0.0,0.0,0.0,0.02,0.28,0.91,1.0,1.0,1.0,1.0,1.0,1.0,1.0,1.0,1.0,1.0,1.0,1.0,1.0,1.0,0.04,0.01,0.02,0.01,0.01,0.87,1.0,0.92,0.15],[0.0,0.0,0.0,0.0,0.05,0.51,0.88,0.92,0.03,0.15,0.0,0.0,0.0,0.0,0.0,0.0,0.0,0.0,0.0,0.0,0.0,0.01,0.47,0.53,0.06,0.0,0.04,0.23,0.23,0.03,0.01,0.0,0.02,0.0,0.0,0.0,0.0,0.0,0.03,0.09,0.47,0.98,1.0,1.0,1.0,1.0,1.0,1.0,1.0,1.0,1.0,1.0,1.0,0.98,0.75,0.06,0.01,0.03,0.02,0.01,0.09,0.99,0.37,0.07],[0.0,0.0,0.0,0.0,0.06,0.5,0.82,0.89,0.04,0.16,0.01,0.0,0.0,0.0,0.0,0.0,0.0,0.0,0.0,0.0,0.0,0.0,0.39,0.45,0.07,0.01,0.04,0.23,0.25,0.04,0.01,0.0,0.01,0.0,0.0,0.0,0.0,0.0,0.02,0.12,0.55,0.95,1.0,1.0,1.0,1.0,1.0,1.0,1.0,1.0,1.0,1.0,1.0,1.0,0.55,0.1,0.02,0.02,0.03,0.03,0.07,1.0,0.43,0.08],[0.0,0.0,0.0,0.0,0.01,0.32,0.91,0.97,0.05,0.55,0.0,0.0,0.0,0.0,0.0,0.0,0.0,0.0,0.0,0.0,0.0,0.0,0.74,0.86,0.07,0.0,0.05,0.85,0.88,0.06,0.01,0.0,0.01,0.0,0.0,0.0,0.0,0.0,0.94,0.99,1.0,1.0,1.0,1.0,1.0,1.0,1.0,1.0,1.0,1.0,1.0,1.0,1.0,1.0,1.0,1.0,1.0,0.52,0.75,1.0,1.0,1.0,1.0,1.0],[0.0,0.0,0.0,0.0,0.0,0.12,0.94,0.98,0.07,0.81,0.0,0.0,0.0,0.0,0.0,0.0,0.0,0.0,0.0,0.0,0.0,0.0,0.74,0.92,0.07,0.0,0.06,0.96,0.97,0.08,0.01,0.0,0.01,0.0,0.0,0.0,0.0,0.0,1.0,1.0,1.0,1.0,1.0,1.0,1.0,1.0,1.0,1.0,1.0,1.0,1.0,1.0,1.0,1.0,1.0,1.0,1.0,1.0,0.99,1.0,1.0,1.0,1.0,1.0],[0.0,0.0,0.0,0.0,0.01,0.08,0.92,0.97,0.05,0.6,0.0,0.0,0.0,0.0,0.0,0.0,0.0,0.0,0.0,0.0,0.0,0.0,0.78,0.93,0.12,0.0,0.08,0.96,0.96,0.06,0.01,0.0,0.01,0.0,0.0,0.0,0.0,0.0,1.0,1.0,1.0,1.0,1.0,1.0,1.0,1.0,1.0,1.0,1.0,1.0,1.0,1.0,1.0,1.0,1.0,1.0,1.0,1.0,1.0,1.0,1.0,1.0,1.0,1.0],[0.0,0.0,0.0,0.0,0.01,0.06,0.89,0.97,0.07,0.59,0.0,0.0,0.0,0.0,0.0,0.0,0.0,0.0,0.0,0.0,0.0,0.0,0.57,0.93,0.16,0.0,0.17,0.96,0.98,0.08,0.02,0.0,0.01,0.0,0.0,0.0,0.0,0.0,1.0,1.0,1.0,1.0,1.0,1.0,1.0,1.0,1.0,1.0,0.98,1.0,1.0,1.0,1.0,1.0,1.0,1.0,1.0,1.0,1.0,1.0,1.0,1.0,1.0,1.0],[0.0,0.0,0.0,0.0,0.01,0.06,0.51,0.85,0.05,0.22,0.0,0.0,0.0,0.0,0.0,0.0,0.0,0.0,0.0,0.0,0.0,0.0,0.5,0.91,0.28,0.0,0.35,0.93,0.95,0.06,0.01,0.0,0.01,0.0,0.0,0.0,0.0,0.0,0.94,1.0,1.0,1.0,1.0,1.0,1.0,1.0,1.0,1.0,0.75,0.55,1.0,1.0,1.0,1.0,1.0,1.0,1.0,1.0,1.0,1.0,1.0,1.0,1.0,0.99],[0.0,0.0,0.0,0.0,0.01,0.05,0.37,0.64,0.06,0.15,0.0,0.0,0.0,0.0,0.0,0.0,0.0,0.0,0.0,0.0,0.0,0.0,0.2,0.87,0.34,0.0,0.5,0.92,0.95,0.09,0.02,0.0,0.02,0.0,0.0,0.0,0.0,0.0,0.94,0.98,1.0,1.0,1.0,1.0,1.0,1.0,1.0,0.04,0.06,0.1,1.0,1.0,1.0,1.0,1.0,1.0,1.0,1.0,1.0,1.0,1.0,1.0,1.0,0.98],[0.0,0.0,0.0,0.0,0.02,0.06,0.26,0.28,0.05,0.06,0.0,0.0,0.0,0.0,0.0,0.0,0.0,0.0,0.0,0.0,0.0,0.0,0.12,0.82,0.41,0.0,0.47,0.89,0.86,0.1,0.03,0.0,0.02,0.0,0.0,0.0,0.0,0.0,0.02,0.16,0.94,1.0,1.0,1.0,0.9,0.01,0.04,0.01,0.01,0.02,1.0,1.0,1.0,1.0,1.0,1.0,1.0,1.0,1.0,1.0,1.0,1.0,0.93,0.32],[0.0,0.0,0.0,0.0,0.02,0.06,0.24,0.22,0.05,0.05,0.0,0.0,0.0,0.0,0.0,0.0,0.0,0.0,0.0,0.0,0.0,0.0,0.12,0.79,0.44,0.01,0.45,0.87,0.77,0.1,0.03,0.0,0.02,0.0,0.0,0.0,0.0,0.0,0.03,0.09,0.5,0.98,1.0,1.0,0.06,0.03,0.1,0.02,0.03,0.02,0.52,1.0,1.0,1.0,1.0,1.0,1.0,1.0,1.0,1.0,1.0,1.0,0.64,0.13],[0.0,0.0,0.0,0.0,0.02,0.06,0.25,0.24,0.05,0.05,0.0,0.0,0.0,0.0,0.0,0.0,0.0,0.0,0.0,0.0,0.0,0.0,0.15,0.83,0.46,0.01,0.46,0.86,0.72,0.09,0.04,0.0,0.03,0.0,0.0,0.0,0.0,0.0,0.03,0.08,0.43,0.99,1.0,0.99,0.09,0.02,0.06,0.01,0.02,0.03,0.75,0.99,1.0,1.0,1.0,1.0,1.0,1.0,1.0,1.0,1.0,1.0,0.55,0.09],[0.0,0.0,0.0,0.0,0.01,0.03,0.32,0.71,0.1,0.21,0.0,0.0,0.0,0.0,0.0,0.0,0.0,0.0,0.0,0.0,0.0,0.0,0.09,0.8,0.26,0.0,0.45,0.92,0.94,0.15,0.04,0.0,0.02,0.0,0.0,0.0,0.0,0.0,1.0,1.0,1.0,1.0,1.0,1.0,1.0,1.0,1.0,0.01,0.01,0.03,1.0,1.0,1.0,1.0,1.0,1.0,1.0,1.0,1.0,1.0,1.0,1.0,1.0,1.0],[0.0,0.0,0.0,0.0,0.0,0.03,0.58,0.94,0.16,0.54,0.0,0.0,0.0,0.0,0.0,0.0,0.0,0.0,0.0,0.0,0.0,0.0,0.09,0.79,0.15,0.0,0.27,0.95,0.98,0.22,0.03,0.0,0.02,0.0,0.0,0.0,0.0,0.0,1.0,1.0,1.0,1.0,1.0,1.0,1.0,1.0,1.0,0.87,0.09,0.07,1.0,1.0,1.0,1.0,1.0,1.0,1.0,1.0,1.0,1.0,1.0,1.0,1.0,1.0],[0.0,0.0,0.0,0.0,0.0,0.03,0.91,0.98,0.15,0.8,0.0,0.0,0.0,0.0,0.0,0.0,0.0,0.0,0.0,0.0,0.0,0.0,0.24,0.88,0.11,0.0,0.13,0.96,0.98,0.21,0.03,0.0,0.01,0.0,0.0,0.0,0.0,0.0,1.0,1.0,1.0,1.0,1.0,1.0,1.0,1.0,1.0,1.0,0.99,1.0,1.0,1.0,1.0,1.0,1.0,1.0,1.0,1.0,1.0,1.0,1.0,1.0,1.0,1.0],[0.0,0.0,0.0,0.0,0.0,0.02,0.73,0.96,0.62,0.74,0.01,0.0,0.0,0.0,0.0,0.0,0.0,0.0,0.0,0.0,0.0,0.0,0.07,0.24,0.05,0.0,0.09,0.92,0.96,0.81,0.24,0.0,0.06,0.0,0.0,0.0,0.0,0.0,1.0,1.0,1.0,1.0,1.0,1.0,1.0,1.0,1.0,0.92,0.37,0.43,1.0,1.0,1.0,1.0,1.0,1.0,0.93,0.64,0.55,1.0,1.0,1.0,1.0,1.0],[0.0,0.0,0.0,0.0,0.0,0.02,0.54,0.88,0.73,0.56,0.02,0.0,0.0,0.0,0.0,0.0,0.0,0.0,0.0,0.0,0.0,0.0,0.07,0.14,0.05,0.0,0.1,0.83,0.92,0.84,0.4,0.0,0.08,0.0,0.0,0.0,0.0,0.0,1.0,1.0,1.0,1.0,1.0,1.0,1.0,1.0,0.98,0.15,0.07,0.08,1.0,1.0,1.0,1.0,0.99,0.98,0.32,0.13,0.09,1.0,1.0,1.0,1.0,1.0]],
