{
  "atom_chain_ids": ["A","A","A","A","A","A","A","A","A","A","A","A","A","A","A","A","A","A","A","A","A","A","A","A","A","A","A","A","A","A","A","A","A","A","A","A","A","A","A","A","A","A","A","A","A","A","A","A","A","A","A","A","A","A","A","A","A","A","A","A","A","A","A","A","A","A","A","A","A","A","A","A","A","A","A","A","A","A","A","A","A","A","A","A","A","A","A","A","A","A","A","A","A","A","A","A","A","A","A","A","A","A","A","A","A","A","A","A","A","A","A","A","A","A","A","A","A","A","A","A","A","A","A","A","A","A","A","A","A","A","A","A","A","A","A","A","A","A","A","A","A","A","A","A","A","A","A","A","A","A","A","A","A","A","A","A","A","A","A","A","A","A","A","A","A","A","A","A","A","A","A","A","A","A","A","A","A","A","A","A","A","A","A","A","A","A","A","A","A","A","A","A","A","A","A","A","A","A","A","A","A","A","A","A","A","A","A","A","A","A","A","A","A","A","A","A","A","A","A","A","A","A","A","A","A","A","A","A","A","A","A","A","A","A","A","A","A","A","A","A","A","A","A","A","A","A","A","A","A","A","A","A","A","A","A","A","A","A","A","A","A","A","A","A","A","A","A","A","A","A","A","A","A","A","A","A","A","A","A","A","A","A","A","A","A","A","A","A","A","A","A","A","A","A","A","A","A","A","A","A","A","A","A","A","A","A","A","A","A","A","A","A","A","A","A","A","A","A","A","A","A","A","A","A","A","A","A","A","A","A","A","A","A","A","A","A","A","A","A","A","A","A","A","A","A","A","A","A","A","A","A","A","A","A","A","A","A","A","A","A","A","A","A","A","A","A","A","A","A","A","A","A","A","A","A","A","A","A","A","A","A","A","A","A","A","A","A","A","A","A","A","A","A","A","A","A","A","A","A","A","A","A","A","A","A","A","A","A","A","A","A","A","A","A","A","A","A","A","A","A","A","A","A","A","A","A","A","A","A","A","A","A","A","A","A","A","A","A","A","A","A","A","A","A","A","A","A","A","A","A","A","A","A","A","A","A","A","A","A","A","A","A","A","A","A","A","A","A","A","A","A","A","A","A","A","A","A","A","A","A","A","A","A","A","A","A","A","A","A","A","A","A","A","A","A","A","A","A","A","A","A","A","A","A","A","A","A","A","A","A","A","A","A","A","A","A","A","A","A","A","A","A","A","A","A","A","A","A","A","A","A","A","A","A","A","A","A","A","A","A","A","A","A","A","A","A","A","A","A","A","A","A","A","A","A","A","A","A","A","A","A","A","A","A","A","A","A","A","A","A","A","A","A","A","A","A","A","A","A","A","A","A","A","A","A","A","A","A","A","A","A","A","A","A","A","A","A","A","A","A","A","A","A","A","A","A","A","A","A","A","A","A","A","A","A","A","A","A","A","A","A","A","A","A","A","A","A","A","A","A","A","A","A","A","A","A","A","A","A","A","A","A","A","A","A","A","A","A","A","A","A","A","A","A","A","A","A","A","A","A","A","A","A","A","A","A","A","A","A","A","A","A","A","A","A","A","A","A","A","A","A","A","A","A","A","A","A","A","A","A","A","A","A","A","A","A","A","A","A","A","A","A","A","A","A","A","A","A","A","A","A","A","A","A","A","A","A","A","A","A","A","A","A","A","A","A","A","A","A","A","A","A","A","A","A","A","A","A","A","A","A","A","A","A","A","A","A","A","A","A","A","A","A","A","A","A","A","A","A","A","A","A","A","A","A","A","A","A","A","A","A","A","A","A","A","A","A","A","A","A","A","A","A","A","A","A","A","A","A","A","A","A","A","A","A","A","A","A","A","A","A","A","A","A","A","A","A","A","A","A","A","A","A","A","A","A","A","A","A","A","B","B","B","B","B","B","B","B","B","B","B","B","B","B","B","B","B","B","B","B","B","B","B","B","B","B"],
  "atom_plddts": [55.46,57.6,52.59,55.73,58.8,60.13,63.45,64.13,64.61,63.85,63.27,62.02,63.68,63.69,63.34,63.29,63.45,62.82,61.97,62.41,62.63,62.37,63.95,65.9,65.24,61.83,63.86,65.98,66.57,68.09,68.93,69.03,67.94,68.95,67.83,68.98,70.03,70.7,70.66,71.15,70.75,70.18,70.77,70.41,70.01,70.53,70.64,70.55,68.76,70.27,70.07,70.29,71.64,72.36,72.06,71.06,72.45,71.02,72.2,73.35,73.59,73.48,74.32,73.97,73.5,73.54,73.13,73.35,74.04,74.41,72.3,73.89,74.16,74.41,75.96,76.99,76.91,76.21,76.92,75.38,76.77,77.8,77.29,76.6,77.56,77.69,77.15,77.44,77.53,76.07,74.46,76.05,76.06,75.71,77.87,78.2,78.12,77.49,78.19,76.99,78.22,79.11,78.57,77.87,78.79,78.83,78.32,78.55,78.58,77.72,76.33,77.74,77.66,77.2,79.34,79.68,79.57,79.0,79.56,78.43,79.63,80.38,79.85,79.16,80.02,80.0,79.5,79.74,79.78,78.86,77.17,77.82,78.71,78.56,80.28,80.29,80.25,79.54,80.04,78.77,80.53,81.19,80.41,79.65,80.7,80.81,80.15,80.38,80.43,76.34,73.23,73.81,76.5,78.16,79.99,80.31,80.65,79.86,79.66,78.5,80.61,81.26,79.8,79.6,80.52,80.16,79.3,79.84,79.86,79.81,80.77,81.11,77.87,76.22,76.85,76.43,75.17,76.68,76.67,77.73,76.27,75.78,72.45,75.69,75.42,72.82,71.31,73.18,72.14,70.78,70.7,71.01,70.44,73.8,77.27,73.99,75.01,77.96,78.46,80.64,81.0,80.98,80.43,81.11,80.07,81.32,82.07,81.54,81.02,81.95,82.02,81.42,81.81,81.96,81.64,80.28,81.17,81.89,81.68,82.76,83.23,83.0,82.65,83.14,81.99,83.14,83.78,83.28,82.66,83.37,83.37,82.84,83.14,83.32,83.21,82.42,83.16,82.79,82.52,83.74,84.17,84.14,83.52,83.79,82.53,83.69,84.14,83.83,83.56,83.98,83.59,83.17,83.62,83.41,82.7,83.57,83.92,80.8,81.1,81.66,79.46,78.41,79.44,79.59,79.32,78.3,78.63,76.89,78.77,79.34,79.73,79.3,79.62,79.21,78.78,79.33,78.97,77.73,78.61,79.19,80.35,79.82,80.2,79.78,78.42,80.0,80.08,80.13,79.62,79.77,78.17,79.93,80.72,80.23,79.16,79.8,79.63,78.83,79.67,80.01,80.44,79.71,79.7,79.26,78.26,79.53,79.43,79.63,78.66,78.76,76.79,79.06,79.53,78.98,78.23,78.81,78.14,76.98,78.22,78.18,76.75,78.34,79.34,80.06,78.6,78.73,78.04,75.7,77.77,77.57,79.47,77.92,76.76,73.97,75.76,75.35,72.79,71.59,72.15,70.48,68.97,69.75,70.21,70.35,73.65,76.88,74.34,75.09,76.14,74.86,76.34,76.03,77.0,75.45,74.65,72.31,74.85,75.23,73.71,72.49,73.67,73.0,71.38,72.49,72.41,69.64,72.87,75.08,73.99,71.57,72.95,73.58,71.98,72.73,72.47,73.88,72.1,71.25,69.54,72.0,72.47,70.53,69.55,71.3,70.27,68.8,68.85,68.62,68.43,71.75,74.7,71.43,72.27,74.94,75.86,77.83,78.41,78.35,77.47,78.24,76.61,78.5,79.41,79.06,78.84,79.79,79.47,78.68,79.24,78.99,78.76,79.52,79.75,79.73,77.18,78.31,80.3,79.79,82.36,82.75,82.41,82.09,82.69,81.5,82.78,83.43,82.94,82.3,83.11,83.07,82.43,82.95,83.21,83.41,82.65,83.39,82.92,81.96,83.51,83.59,83.18,82.81,83.05,81.74,83.19,83.72,83.72,82.92,83.69,83.79,83.33,83.69,83.65,83.38,82.44,83.29,82.57,82.16,83.13,83.42,83.38,82.78,83.29,82.04,83.35,83.89,83.92,83.59,84.22,84.07,83.63,83.83,83.49,83.45,83.98,82.03,80.56,81.06,81.35,81.59,82.95,82.96,83.04,82.25,82.58,81.31,83.33,83.93,83.62,83.31,84.14,84.15,83.55,83.92,83.56,83.11,83.9,84.11,80.0,77.42,77.69,78.8,78.75,80.97,81.15,82.05,80.61,79.81,76.47,80.52,80.54,77.64,75.89,77.88,77.36,75.45,76.39,76.73,74.61,78.33,79.99,77.03,74.02,74.41,76.13,75.21,76.91,77.15,78.35,76.72,76.14,72.5,76.37,76.05,72.22,68.83,71.58,71.17,68.69,70.02,71.61,76.91,73.97,74.0,76.2,76.17,78.1,78.81,79.31,78.3,78.75,76.89,78.67,79.14,77.17,76.39,77.99,77.35,75.99,76.29,76.33,76.6,78.68,78.01,75.51,75.95,77.03,77.03,78.8,79.42,79.73,78.73,79.35,77.35,79.42,80.07,78.75,77.96,79.23,78.91,77.63,78.1,78.02,77.86,79.58,78.96,75.6,76.38,79.1,79.36,81.53,82.03,81.95,81.27,81.81,80.35,82.29,82.93,82.16,81.37,82.44,82.56,81.72,82.22,82.39,77.68,74.92,75.11,76.9,77.95,80.05,80.63,80.73,79.82,79.95,78.43,80.83,81.59,80.84,80.62,81.54,81.32,80.48,80.89,80.66,80.47,81.49,81.76,74.89,73.09,74.52,73.29,72.78,74.8,75.18,76.19,74.65,74.66,71.54,74.89,75.44,72.94,71.71,73.37,72.7,71.22,71.45,71.51,71.11,73.91,71.98,69.43,70.47,71.02,71.74,72.93,73.65,74.34,72.83,73.42,70.73,73.27,74.09,72.08,71.24,72.89,72.43,71.04,71.25,71.24,71.15,73.5,69.19,65.99,67.65,69.74,68.79,69.65,69.47,71.81,70.45,67.52,64.64,67.55,66.34,62.63,59.59,60.22,59.19,57.17,59.67,62.51,68.63,64.86,66.09,69.24,70.89,72.65,74.1,74.21,73.72,74.28,72.98,74.35,75.43,74.85,74.85,75.4,74.96,74.26,74.82,74.65,74.61,75.33,75.35,71.36,69.58,70.49,71.18,71.58,72.62,73.62,73.4,72.58,73.82,72.53,73.69,74.67,74.73,74.68,75.13,74.76,74.35,74.73,74.42,74.16,74.67,74.82,72.39,71.89,72.7,71.26,71.07,71.92,72.39,72.22,71.11,72.57,70.98,72.28,73.27,73.44,73.2,73.73,73.2,72.78,73.03,72.72,72.78,73.59,71.33,69.99,70.75,70.58,70.22,71.09,72.38,72.3,71.85,72.3,70.5,72.24,73.28,72.95,72.09,72.8,72.74,72.14,72.76,73.03,71.25,70.02,70.52,70.96,69.62,70.5,71.1,70.91,70.7,70.25,69.2,70.58,71.47,71.78,70.65,71.28,71.15,70.36,71.35,71.8,71.12,70.61,70.87,70.56,69.59,70.9,70.58,70.79,70.11,69.21,68.1,69.35,69.66,69.28,67.78,68.17,67.86,67.01,68.31,69.25,79.61,78.21,79.74,85.13,86.25,85.62,84.08,82.58,82.97,81.22,74.08,75.92,83.83,85.69,86.11,85.4,83.02,82.15,78.84,73.03,71.79,82.75,84.52,86.39,79.96,78.04],
  "contact_probs": [[1.0,0.99,0.14,0.0,0.0,0.0,0.0,0.0,0.0,0.0,0.0,0.0,0.0,0.0,0.0,0.0,0.0,0.0,0.0,0.0,0.0,0.0,0.0,0.0,0.0,0.0,0.0,0.0,0.0,0.0,0.0,0.0,0.0,0.0,0.0,0.0,0.06,0.98,0.0,0.0,0.0,0.0,0.0,0.0,0.0,0.0,0.0,0.0,0.0,0.0,0.0,0.0,0.0,0.0,0.0,0.0,0.0,0.0,0.0,0.0,0.0,0.0,0.0,0.0],[0.99,1.0,1.0,0.06,0.0,0.0,0.0,0.0,0.0,0.0,0.0,0.0,0.0,0.0,0.0,0.0,0.0,0.0,0.0,0.0,0.0,0.0,0.0,0.0,0.0,0.0,0.0,0.0,0.0,0.0,0.0,0.0,0.0,0.0,0.0,0.03,0.99,0.96,0.0,0.0,0.0,0.0,0.0,0.0,0.0,0.0,0.0,0.0,0.0,0.0,0.0,0.0,0.0,0.0,0.0,0.0,0.0,0.0,0.0,0.0,0.0,0.0,0.0,0.0],[0.14,1.0,1.0,1.0,0.03,0.0,0.0,0.0,0.0,0.0,0.0,0.0,0.0,0.0,0.0,0.0,0.0,0.0,0.0,0.0,0.0,0.0,0.0,0.0,0.0,0.0,0.0,0.0,0.0,0.0,0.0,0.0,0.0,0.0,0.02,0.99,0.99,0.74,0.0,0.0,0.0,0.0,0.0,0.0,0.0,0.0,0.0,0.0,0.0,0.0,0.0,0.0,0.0,0.0,0.0,0.0,0.0,0.0,0.0,0.0,0.0,0.0,0.0,0.0],[0.0,0.06,1.0,1.0,1.0,0.02,0.0,0.0,0.0,0.0,0.0,0.0,0.0,0.0,0.0,0.0,0.0,0.0,0.0,0.0,0.0,0.0,0.0,0.0,0.0,0.0,0.0,0.0,0.0,0.0,0.0,0.0,0.0,0.02,0.99,1.0,0.85,0.0,0.0,0.0,0.0,0.0,0.0,0.0,0.0,0.0,0.0,0.0,0.0,0.0,0.0,0.0,0.0,0.0,0.0,0.0,0.0,0.0,0.0,0.0,0.0,0.0,0.0,0.0],[0.0,0.0,0.03,1.0,1.0,1.0,0.43,0.0,0.0,0.0,0.0,0.0,0.0,0.0,0.0,0.0,0.0,0.0,0.0,0.0,0.0,0.0,0.0,0.01,0.0,0.0,0.0,0.0,0.02,0.0,0.0,0.0,0.02,0.99,0.99,0.91,0.0,0.0,0.0,0.01,0.0,0.0,0.0,0.0,0.0,0.01,0.01,0.02,0.05,0.06,0.01,0.0,0.01,0.01,0.01,0.01,0.02,0.02,0.02,0.01,0.0,0.0,0.0,0.01],[0.0,0.0,0.0,0.02,1.0,1.0,0.99,0.0,0.0,0.0,0.0,0.0,0.0,0.0,0.0,0.0,0.0,0.0,0.0,0.0,0.0,0.0,0.0,0.01,0.0,0.0,0.0,0.0,0.09,0.01,0.02,0.0,0.99,0.99,0.88,0.0,0.0,0.0,0.02,0.02,0.03,0.02,0.02,0.07,0.16,0.38,0.48,0.56,0.49,0.48,0.32,0.12,0.08,0.06,0.07,0.06,0.07,0.07,0.07,0.04,0.03,0.04,0.02,0.02],[0.0,0.0,0.0,0.0,0.43,0.99,1.0,0.79,0.06,0.0,0.0,0.0,0.0,0.0,0.0,0.0,0.0,0.0,0.0,0.0,0.0,0.0,0.0,0.03,0.0,0.0,0.0,0.01,0.99,0.49,0.63,0.01,0.97,0.72,0.0,0.0,0.0,0.0,0.5,0.54,0.69,0.86,0.94,0.94,0.91,0.9,0.9,0.86,0.87,0.81,0.91,0.94,0.92,0.89,0.51,0.39,0.28,0.26,0.26,0.33,0.59,0.91,0.74,0.53],[0.0,0.0,0.0,0.0,0.0,0.0,0.79,1.0,0.6,0.99,0.45,0.0,0.0,0.0,0.0,0.0,0.0,0.0,0.0,0.0,0.0,0.01,0.79,0.21,0.01,0.0,0.01,0.99,0.25,0.15,0.01,0.0,0.0,0.0,0.0,0.0,0.0,0.0,0.83,0.88,0.95,0.97,0.98,0.98,0.97,0.96,0.97,0.93,0.92,0.89,0.97,0.98,0.97,0.97,0.86,0.65,0.29,0.24,0.24,0.72,0.94,0.98,0.96,0.87],[0.0,0.0,0.0,0.0,0.0,0.0,0.06,0.6,1.0,0.21,0.0,0.0,0.0,0.0,0.0,0.0,0.0,0.0,0.0,0.0,0.0,0.0,0.01,0.01,0.0,0.0,0.01,0.1,0.12,0.91,0.35,0.0,0.0,0.0,0.0,0.0,0.0,0.0,0.78,0.73,0.63,0.56,0.31,0.23,0.38,0.26,0.07,0.05,0.03,0.05,0.05,0.08,0.05,0.08,0.05,0.07,0.05,0.06,0.06,0.11,0.17,0.16,0.61,0.71],[0.0,0.0,0.0,0.0,0.0,0.0,0.0,0.99,0.21,1.0,1.0,0.05,0.0,0.0,0.0,0.0,0.0,0.0,0.0,0.0,0.0,0.09,0.99,0.11,0.04,0.02,0.49,0.97,0.01,0.02,0.0,0.0,0.0,0.0,0.0,0.0,0.0,0.0,0.48,0.58,0.76,0.89,0.92,0.92,0.88,0.76,0.61,0.25,0.15,0.17,0.56,0.81,0.63,0.61,0.24,0.16,0.06,0.05,0.06,0.22,0.55,0.8,0.74,0.55],[0.0,0.0,0.0,0.0,0.0,0.0,0.0,0.45,0.0,1.0,1.0,1.0,0.23,0.0,0.0,0.0,0.0,0.0,0.0,0.0,0.07,0.99,0.99,0.05,0.07,0.88,0.93,0.79,0.0,0.0,0.0,0.0,0.0,0.0,0.0,0.0,0.0,0.0,0.01,0.02,0.01,0.0,0.0,0.0,0.0,0.0,0.0,0.0,0.01,0.01,0.0,0.0,0.0,0.0,0.0,0.0,0.0,0.0,0.0,0.0,0.0,0.0,0.01,0.02],[0.0,0.0,0.0,0.0,0.0,0.0,0.0,0.0,0.0,0.05,1.0,1.0,1.0,0.13,0.0,0.0,0.0,0.0,0.0,0.06,1.0,1.0,0.7,0.0,0.01,0.77,0.17,0.0,0.0,0.0,0.0,0.0,0.0,0.0,0.0,0.0,0.0,0.0,0.0,0.0,0.0,0.0,0.0,0.0,0.0,0.0,0.0,0.0,0.0,0.0,0.0,0.0,0.0,0.0,0.0,0.0,0.0,0.0,0.0,0.0,0.0,0.0,0.0,0.0],[0.0,0.0,0.0,0.0,0.0,0.0,0.0,0.0,0.0,0.0,0.23,1.0,1.0,1.0,0.35,0.0,0.0,0.0,0.05,0.99,1.0,0.87,0.0,0.0,0.0,0.01,0.0,0.0,0.0,0.0,0.0,0.0,0.0,0.0,0.0,0.0,0.0,0.0,0.0,0.0,0.0,0.0,0.0,0.0,0.0,0.0,0.0,0.0,0.0,0.0,0.0,0.0,0.0,0.0,0.0,0.0,0.0,0.0,0.0,0.0,0.0,0.0,0.0,0.0],[0.0,0.0,0.0,0.0,0.0,0.0,0.0,0.0,0.0,0.0,0.0,0.13,1.0,1.0,1.0,0.0,0.01,0.01,0.99,1.0,0.88,0.0,0.0,0.0,0.0,0.0,0.0,0.0,0.0,0.0,0.0,0.0,0.0,0.0,0.0,0.0,0.0,0.0,0.0,0.0,0.0,0.0,0.0,0.0,0.0,0.0,0.0,0.0,0.0,0.0,0.0,0.0,0.0,0.0,0.0,0.0,0.0,0.0,0.0,0.0,0.0,0.0,0.0,0.0],[0.0,0.0,0.0,0.0,0.0,0.0,0.0,0.0,0.0,0.0,0.0,0.0,0.35,1.0,1.0,0.16,0.96,0.9,0.99,0.81,0.0,0.0,0.0,0.0,0.0,0.0,0.0,0.0,0.0,0.0,0.0,0.0,0.0,0.0,0.0,0.0,0.0,0.0,0.0,0.0,0.0,0.0,0.0,0.0,0.0,0.0,0.0,0.0,0.0,0.0,0.0,0.0,0.0,0.0,0.0,0.0,0.0,0.0,0.0,0.0,0.0,0.0,0.0,0.0],[0.0,0.0,0.0,0.0,0.0,0.0,0.0,0.0,0.0,0.0,0.0,0.0,0.0,0.0,0.16,1.0,0.99,0.5,0.0,0.0,0.0,0.0,0.0,0.0,0.0,0.0,0.0,0.0,0.0,0.0,0.0,0.0,0.0,0.0,0.0,0.0,0.0,0.0,0.0,0.0,0.0,0.0,0.0,0.0,0.0,0.0,0.0,0.0,0.0,0.0,0.0,0.0,0.0,0.0,0.0,0.0,0.0,0.0,0.0,0.0,0.0,0.0,0.0,0.0],[0.0,0.0,0.0,0.0,0.0,0.0,0.0,0.0,0.0,0.0,0.0,0.0,0.0,0.01,0.96,0.99,1.0,0.99,0.73,0.0,0.0,0.0,0.0,0.0,0.0,0.0,0.0,0.0,0.0,0.0,0.0,0.0,0.0,0.0,0.0,0.0,0.0,0.0,0.0,0.0,0.0,0.0,0.0,0.0,0.0,0.0,0.0,0.0,0.0,0.0,0.0,0.0,0.0,0.0,0.0,0.0,0.0,0.0,0.0,0.0,0.0,0.0,0.0,0.0],[0.0,0.0,0.0,0.0,0.0,0.0,0.0,0.0,0.0,0.0,0.0,0.0,0.0,0.01,0.9,0.5,0.99,1.0,0.99,0.12,0.0,0.0,0.0,0.0,0.0,0.0,0.0,0.0,0.0,0.0,0.0,0.0,0.0,0.0,0.0,0.0,0.0,0.0,0.0,0.0,0.0,0.0,0.0,0.0,0.0,0.0,0.0,0.0,0.0,0.0,0.0,0.0,0.0,0.0,0.0,0.0,0.0,0.0,0.0,0.0,0.0,0.0,0.0,0.0],[0.0,0.0,0.0,0.0,0.0,0.0,0.0,0.0,0.0,0.0,0.0,0.0,0.05,0.99,0.99,0.0,0.73,0.99,1.0,1.0,0.06,0.0,0.0,0.0,0.0,0.0,0.0,0.0,0.0,0.0,0.0,0.0,0.0,0.0,0.0,0.0,0.0,0.0,0.0,0.0,0.0,0.0,0.0,0.0,0.0,0.0,0.0,0.0,0.0,0.0,0.0,0.0,0.0,0.0,0.0,0.0,0.0,0.0,0.0,0.0,0.0,0.0,0.0,0.0],[0.0,0.0,0.0,0.0,0.0,0.0,0.0,0.0,0.0,0.0,0.0,0.06,0.99,1.0,0.81,0.0,0.0,0.12,1.0,1.0,1.0,0.21,0.0,0.0,0.0,0.0,0.0,0.0,0.0,0.0,0.0,0.0,0.0,0.0,0.0,0.0,0.0,0.0,0.0,0.0,0.0,0.0,0.0,0.0,0.0,0.0,0.0,0.0,0.0,0.0,0.0,0.0,0.0,0.0,0.0,0.0,0.0,0.0,0.0,0.0,0.0,0.0,0.0,0.0],[0.0,0.0,0.0,0.0,0.0,0.0,0.0,0.0,0.0,0.0,0.07,1.0,1.0,0.88,0.0,0.0,0.0,0.0,0.06,1.0,1.0,1.0,0.22,0.0,0.0,0.0,0.0,0.0,0.0,0.0,0.0,0.0,0.0,0.0,0.0,0.0,0.0,0.0,0.0,0.0,0.0,0.0,0.0,0.0,0.0,0.0,0.0,0.0,0.0,0.0,0.0,0.0,0.0,0.0,0.0,0.0,0.0,0.0,0.0,0.0,0.0,0.0,0.0,0.0],[0.0,0.0,0.0,0.0,0.0,0.0,0.0,0.01,0.0,0.09,0.99,1.0,0.87,0.0,0.0,0.0,0.0,0.0,0.0,0.21,1.0,1.0,1.0,0.03,0.04,0.18,0.02,0.0,0.0,0.0,0.0,0.0,0.0,0.0,0.0,0.0,0.0,0.0,0.0,0.0,0.0,0.0,0.0,0.0,0.0,0.0,0.0,0.0,0.01,0.0,0.0,0.0,0.0,0.0,0.0,0.0,0.0,0.0,0.0,0.0,0.0,0.0,0.0,0.0],[0.0,0.0,0.0,0.0,0.0,0.0,0.0,0.79,0.01,0.99,0.99,0.7,0.0,0.0,0.0,0.0,0.0,0.0,0.0,0.0,0.22,1.0,1.0,0.77,0.21,0.35,0.62,0.77,0.0,0.0,0.0,0.0,0.0,0.0,0.0,0.0,0.0,0.0,0.06,0.06,0.06,0.07,0.16,0.35,0.18,0.24,0.54,0.46,0.47,0.39,0.73,0.73,0.76,0.56,0.5,0.2,0.12,0.12,0.15,0.09,0.09,0.24,0.07,0.07],[0.0,0.0,0.0,0.0,0.01,0.01,0.03,0.21,0.01,0.11,0.05,0.0,0.0,0.0,0.0,0.0,0.0,0.0,0.0,0.0,0.0,0.03,0.77,1.0,0.44,0.03,0.23,0.67,0.18,0.0,0.0,0.0,0.0,0.0,0.0,0.0,0.0,0.0,0.11,0.14,0.23,0.37,0.8,0.84,0.54,0.5,0.7,0.59,0.54,0.46,0.86,0.92,0.92,0.92,0.91,0.86,0.81,0.79,0.82,0.79,0.79,0.88,0.24,0.14],[0.0,0.0,0.0,0.0,0.0,0.0,0.0,0.01,0.0,0.04,0.07,0.01,0.0,0.0,0.0,0.0,0.0,0.0,0.0,0.0,0.0,0.04,0.21,0.44,1.0,0.67,0.74,0.5,0.01,0.0,0.0,0.0,0.0,0.0,0.0,0.0,0.0,0.0,0.04,0.05,0.05,0.04,0.05,0.05,0.04,0.05,0.06,0.06,0.06,0.08,0.07,0.07,0.12,0.15,0.26,0.34,0.39,0.43,0.45,0.24,0.14,0.1,0.05,0.05],[0.0,0.0,0.0,0.0,0.0,0.0,0.0,0.0,0.0,0.02,0.88,0.77,0.01,0.0,0.0,0.0,0.0,0.0,0.0,0.0,0.0,0.18,0.35,0.03,0.67,1.0,0.98,0.08,0.0,0.0,0.0,0.0,0.0,0.0,0.0,0.0,0.0,0.0,0.0,0.0,0.0,0.0,0.0,0.0,0.0,0.0,0.0,0.0,0.01,0.01,0.0,0.0,0.0,0.0,0.0,0.0,0.0,0.01,0.01,0.0,0.0,0.0,0.0,0.0],[0.0,0.0,0.0,0.0,0.0,0.0,0.0,0.01,0.01,0.49,0.93,0.17,0.0,0.0,0.0,0.0,0.0,0.0,0.0,0.0,0.0,0.02,0.62,0.23,0.74,0.98,1.0,0.98,0.0,0.0,0.0,0.0,0.0,0.0,0.0,0.0,0.0,0.0,0.07,0.1,0.1,0.07,0.05,0.06,0.05,0.05,0.07,0.05,0.04,0.05,0.05,0.07,0.08,0.16,0.34,0.48,0.46,0.44,0.46,0.43,0.26,0.13,0.09,0.1],[0.0,0.0,0.0,0.0,0.0,0.0,0.01,0.99,0.1,0.97,0.79,0.0,0.0,0.0,0.0,0.0,0.0,0.0,0.0,0.0,0.0,0.0,0.77,0.67,0.5,0.08,0.98,1.0,0.68,0.02,0.0,0.0,0.0,0.0,0.0,0.0,0.0,0.0,0.79,0.83,0.92,0.95,0.97,0.97,0.92,0.73,0.68,0.32,0.24,0.24,0.85,0.96,0.96,0.96,0.92,0.91,0.88,0.86,0.85,0.92,0.95,0.96,0.92,0.83],[0.0,0.0,0.0,0.0,0.02,0.09,0.99,0.25,0.12,0.01,0.0,0.0,0.0,0.0,0.0,0.0,0.0,0.0,0.0,0.0,0.0,0.0,0.0,0.18,0.01,0.0,0.0,0.68,1.0,0.78,0.59,0.01,0.76,0.01,0.0,0.0,0.0,0.0,0.91,0.91,0.96,0.97,0.98,0.98,0.95,0.89,0.82,0.41,0.25,0.25,0.88,0.96,0.96,0.98,0.94,0.94,0.85,0.76,0.72,0.94,0.97,0.98,0.96,0.92],[0.0,0.0,0.0,0.0,0.0,0.01,0.49,0.15,0.91,0.02,0.0,0.0,0.0,0.0,0.0,0.0,0.0,0.0,0.0,0.0,0.0,0.0,0.0,0.0,0.0,0.0,0.0,0.02,0.78,1.0,0.94,0.01,0.54,0.0,0.0,0.0,0.0,0.0,0.86,0.82,0.81,0.77,0.5,0.33,0.51,0.3,0.08,0.05,0.03,0.04,0.06,0.09,0.06,0.09,0.07,0.1,0.11,0.11,0.1,0.15,0.23,0.22,0.79,0.83],[0.0,0.0,0.0,0.0,0.0,0.02,0.63,0.01,0.35,0.0,0.0,0.0,0.0,0.0,0.0,0.0,0.0,0.0,0.0,0.0,0.0,0.0,0.0,0.0,0.0,0.0,0.0,0.0,0.59,0.94,1.0,0.05,0.97,0.09,0.0,0.0,0.0,0.0,0.52,0.44,0.28,0.13,0.04,0.02,0.05,0.03,0.01,0.01,0.01,0.01,0.01,0.01,0.01,0.02,0.01,0.02,0.03,0.04,0.04,0.04,0.04,0.03,0.24,0.4],[0.0,0.0,0.0,0.0,0.0,0.0,0.01,0.0,0.0,0.0,0.0,0.0,0.0,0.0,0.0,0.0,0.0,0.0,0.0,0.0,0.0,0.0,0.0,0.0,0.0,0.0,0.0,0.0,0.01,0.01,0.05,1.0,0.02,0.01,0.0,0.0,0.0,0.0,0.0,0.0,0.0,0.0,0.0,0.0,0.0,0.0,0.0,0.0,0.0,0.0,0.0,0.0,0.0,0.0,0.0,0.0,0.0,0.0,0.0,0.0,0.0,0.0,0.0,0.0],[0.0,0.0,0.0,0.0,0.02,0.99,0.97,0.0,0.0,0.0,0.0,0.0,0.0,0.0,0.0,0.0,0.0,0.0,0.0,0.0,0.0,0.0,0.0,0.0,0.0,0.0,0.0,0.0,0.76,0.54,0.97,0.02,1.0,1.0,0.04,0.0,0.0,0.0,0.06,0.09,0.06,0.02,0.01,0.01,0.02,0.02,0.01,0.01,0.01,0.01,0.01,0.01,0.01,0.01,0.01,0.02,0.03,0.03,0.03,0.02,0.02,0.01,0.05,0.07],[0.0,0.0,0.0,0.02,0.99,0.99,0.72,0.0,0.0,0.0,0.0,0.0,0.0,0.0,0.0,0.0,0.0,0.0,0.0,0.0,0.0,0.0,0.0,0.0,0.0,0.0,0.0,0.0,0.01,0.0,0.09,0.01,1.0,1.0,1.0,0.02,0.0,0.0,0.0,0.0,0.0,0.0,0.0,0.0,0.0,0.0,0.0,0.0,0.0,0.0,0.0,0.0,0.0,0.0,0.0,0.0,0.0,0.0,0.0,0.0,0.0,0.0,0.0,0.0],[0.0,0.0,0.02,0.99,0.99,0.88,0.0,0.0,0.0,0.0,0.0,0.0,0.0,0.0,0.0,0.0,0.0,0.0,0.0,0.0,0.0,0.0,0.0,0.0,0.0,0.0,0.0,0.0,0.0,0.0,0.0,0.0,0.04,1.0,1.0,1.0,0.03,0.0,0.0,0.0,0.0,0.0,0.0,0.0,0.0,0.0,0.0,0.0,0.0,0.0,0.0,0.0,0.0,0.0,0.0,0.0,0.0,0.0,0.0,0.0,0.0,0.0,0.0,0.0],[0.0,0.03,0.99,1.0,0.91,0.0,0.0,0.0,0.0,0.0,0.0,0.0,0.0,0.0,0.0,0.0,0.0,0.0,0.0,0.0,0.0,0.0,0.0,0.0,0.0,0.0,0.0,0.0,0.0,0.0,0.0,0.0,0.0,0.02,1.0,1.0,0.99,0.03,0.0,0.0,0.0,0.0,0.0,0.0,0.0,0.0,0.0,0.0,0.0,0.0,0.0,0.0,0.0,0.0,0.0,0.0,0.0,0.0,0.0,0.0,0.0,0.0,0.0,0.0],[0.06,0.99,0.99,0.85,0.0,0.0,0.0,0.0,0.0,0.0,0.0,0.0,0.0,0.0,0.0,0.0,0.0,0.0,0.0,0.0,0.0,0.0,0.0,0.0,0.0,0.0,0.0,0.0,0.0,0.0,0.0,0.0,0.0,0.0,0.03,0.99,1.0,0.99,0.0,0.0,0.0,0.0,0.0,0.0,0.0,0.0,0.0,0.0,0.0,0.0,0.0,0.0,0.0,0.0,0.0,0.0,0.0,0.0,0.0,0.0,0.0,0.0,0.0,0.0],[0.98,0.96,0.74,0.0,0.0,0.0,0.0,0.0,0.0,0.0,0.0,0.0,0.0,0.0,0.0,0.0,0.0,0.0,0.0,0.0,0.0,0.0,0.0,0.0,0.0,0.0,0.0,0.0,0.0,0.0,0.0,0.0,0.0,0.0,0.0,0.03,0.99,1.0,0.0,0.0,0.0,0.0,0.0,0.0,0.0,0.0,0.0,0.0,0.0,0.0,0.0,0.0,0.0,0.0,0.0,0.0,0.0,0.0,0.0,0.0,0.0,0.0,0.0,0.0],[0.0,0.0,0.0,0.0,0.0,0.02,0.5,0.83,0.78,0.48,0.01,0.0,0.0,0.0,0.0,0.0,0.0,0.0,0.0,0.0,0.0,0.0,0.06,0.11,0.04,0.0,0.07,0.79,0.91,0.86,0.52,0.0,0.06,0.0,0.0,0.0,0.0,0.0,1.0,1.0,1.0,1.0,1.0,1.0,1.0,1.0,0.92,0.02,0.03,0.02,0.93,1.0,1.0,1.0,0.94,0.94,0.02,0.03,0.03,1.0,1.0,1.0,1.0,1.0],[0.0,0.0,0.0,0.0,0.01,0.02,0.54,0.88,0.73,0.58,0.02,0.0,0.0,0.0,0.0,0.0,0.0,0.0,0.0,0.0,0.0,0.0,0.06,0.14,0.05,0.0,0.1,0.83,0.91,0.82,0.44,0.0,0.09,0.0,0.0,0.0,0.0,0.0,1.0,1.0,1.0,1.0,1.0,1.0,1.0,1.0,0.97,0.27,0.08,0.12,0.99,1.0,1.0,1.0,1.0,0.98,0.16,0.09,0.09,1.0,1.0,1.0,1.0,1.0],[0.0,0.0,0.0,0.0,0.0,0.03,0.69,0.95,0.63,0.76,0.01,0.0,0.0,0.0,0.0,0.0,0.0,0.0,0.0,0.0,0.0,0.0,0.06,0.23,0.05,0.0,0.1,0.92,0.96,0.81,0.28,0.0,0.06,0.0,0.0,0.0,0.0,0.0,1.0,1.0,1.0,1.0,1.0,1.0,1.0,1.0,1.0,0.91,0.47,0.55,1.0,1.0,1.0,1.0,1.0,1.0,0.94,0.49,0.43,1.0,1.0,1.0,1.0,1.0],[0.0,0.0,0.0,0.0,0.0,0.02,0.86,0.97,0.56,0.89,0.0,0.0,0.0,0.0,0.0,0.0,0.0,0.0,0.0,0.0,0.0,0.0,0.07,0.37,0.04,0.0,0.07,0.95,0.97,0.77,0.13,0.0,0.02,0.0,0.0,0.0,0.0,0.0,1.0,1.0,1.0,1.0,1.0,1.0,1.0,1.0,1.0,1.0,0.98,0.96,1.0,1.0,1.0,1.0,1.0,1.0,1.0,0.98,0.99,1.0,1.0,1.0,1.0,1.0],[0.0,0.0,0.0,0.0,0.0,0.02,0.94,0.98,0.31,0.92,0.0,0.0,0.0,0.0,0.0,0.0,0.0,0.0,0.0,0.0,0.0,0.0,0.16,0.8,0.05,0.0,0.05,0.97,0.98,0.5,0.04,0.0,0.01,0.0,0.0,0.0,0.0,0.0,1.0,1.0,1.0,1.0,1.0,1.0,1.0,1.0,1.0,1.0,1.0,1.0,1.0,1.0,1.0,1.0,1.0,1.0,1.0,1.0,1.0,1.0,1.0,1.0,1.0,1.0],[0.0,0.0,0.0,0.0,0.0,0.07,0.94,0.98,0.23,0.92,0.0,0.0,0.0,0.0,0.0,0.0,0.0,0.0,0.0,0.0,0.0,0.0,0.35,0.84,0.05,0.0,0.06,0.97,0.98,0.33,0.02,0.0,0.01,0.0,0.0,0.0,0.0,0.0,1.0,1.0,1.0,1.0,1.0,1.0,1.0,1.0,1.0,1.0,1.0,1.0,1.0,1.0,1.0,1.0,1.0,1.0,1.0,1.0,0.99,1.0,1.0,1.0,1.0,1.0],[0.0,0.0,0.0,0.0,0.0,0.16,0.91,0.97,0.38,0.88,0.0,0.0,0.0,0.0,0.0,0.0,0.0,0.0,0.0,0.0,0.0,0.0,0.18,0.54,0.04,0.0,0.05,0.92,0.95,0.51,0.05,0.0,0.02,0.0,0.0,0.0,0.0,0.0,1.0,1.0,1.0,1.0,1.0,1.0,1.0,1.0,1.0,1.0,1.0,1.0,1.0,1.0,1.0,1.0,1.0,1.0,0.89,0.06,0.09,1.0,1.0,1.0,1.0,1.0],[0.0,0.0,0.0,0.0,0.01,0.38,0.9,0.96,0.26,0.76,0.0,0.0,0.0,0.0,0.0,0.0,0.0,0.0,0.0,0.0,0.0,0.0,0.24,0.5,0.05,0.0,0.05,0.73,0.89,0.3,0.03,0.0,0.02,0.0,0.0,0.0,0.0,0.0,1.0,1.0,1.0,1.0,1.0,1.0,1.0,1.0,1.0,1.0,1.0,1.0,1.0,1.0,1.0,1.0,1.0,1.0,0.01,0.03,0.02,1.0,1.0,1.0,1.0,1.0],[0.0,0.0,0.0,0.0,0.01,0.48,0.9,0.97,0.07,0.61,0.0,0.0,0.0,0.0,0.0,0.0,0.0,0.0,0.0,0.0,0.0,0.0,0.54,0.7,0.06,0.0,0.07,0.68,0.82,0.08,0.01,0.0,0.01,0.0,0.0,0.0,0.0,0.0,0.92,0.97,1.0,1.0,1.0,1.0,1.0,1.0,1.0,1.0,1.0,1.0,1.0,1.0,1.0,1.0,1.0,1.0,0.03,0.09,0.06,1.0,1.0,1.0,1.0,0.98],[0.0,0.0,0.0,0.0,0.02,0.56,0.86,0.93,0.05,0.25,0.0,0.0,0.0,0.0,0.0,0.0,0.0,0.0,0.0,0.0,0.0,0.0,0.46,0.59,0.06,0.0,0.05,0.32,0.41,0.05,0.01,0.0,0.01,0.0,0.0,0.0,0.0,0.0,0.02,0.27,0.91,1.0,1.0,1.0,1.0,1.0,1.0,1.0,1.0,1.0,1.0,1.0,1.0,1.0,1.0,0.04,0.01,0.02,0.01,0.01,0.87,1.0,0.92,0.14],[0.0,0.0,0.0,0.0,0.05,0.49,0.87,0.92,0.03,0.15,0.01,0.0,0.0,0.0,0.0,0.0,0.0,0.0,0.0,0.0,0.0,0.01,0.47,0.54,0.06,0.01,0.04,0.24,0.25,0.03,0.01,0.0,0.01,0.0,0.0,0.0,0.0,0.0,0.03,0.08,0.47,0.98,1.0,1.0,1.0,1.0,1.0,1.0,1.0,1.0,1.0,1.0,1.0,0.98,0.75,0.06,0.01,0.03,0.02,0.02,0.09,0.99,0.38,0.07],[0.0,0.0,0.0,0.0,0.06,0.48,0.81,0.89,0.05,0.17,0.01,0.0,0.0,0.0,0.0,0.0,0.0,0.0,0.0,0.0,0.0,0.0,0.39,0.46,0.08,0.01,0.05,0.24,0.25,0.04,0.01,0.0,0.01,0.0,0.0,0.0,0.0,0.0,0.02,0.12,0.55,0.96,1.0,1.0,1.0,1.0,1.0,1.0,1.0,1.0,1.0,1.0,1.0,1.0,0.54,0.1,0.02,0.02,0.03,0.03,0.06,1.0,0.42,0.08],[0.0,0.0,0.0,0.0,0.01,0.32,0.91,0.97,0.05,0.56,0.0,0.0,0.0,0.0,0.0,0.0,0.0,0.0,0.0,0.0,0.0,0.0,0.73,0.86,0.07,0.0,0.05,0.85,0.88,0.06,0.01,0.0,0.01,0.0,0.0,0.0,0.0,0.0,0.93,0.99,1.0,1.0,1.0,1.0,1.0,1.0,1.0,1.0,1.0,1.0,1.0,1.0,1.0,1.0,1.0,1.0,1.0,0.52,0.75,1.0,1.0,1.0,1.0,1.0],[0.0,0.0,0.0,0.0,0.0,0.12,0.94,0.98,0.08,0.81,0.0,0.0,0.0,0.0,0.0,0.0,0.0,0.0,0.0,0.0,0.0,0.0,0.73,0.92,0.07,0.0,0.07,0.96,0.96,0.09,0.01,0.0,0.01,0.0,0.0,0.0,0.0,0.0,1.0,1.0,1.0,1.0,1.0,1.0,1.0,1.0,1.0,1.0,1.0,1.0,1.0,1.0,1.0,1.0,1.0,1.0,1.0,1.0,0.99,1.0,1.0,1.0,1.0,1.0],[0.0,0.0,0.0,0.0,0.01,0.08,0.92,0.97,0.05,0.63,0.0,0.0,0.0,0.0,0.0,0.0,0.0,0.0,0.0,0.0,0.0,0.0,0.76,0.92,0.12,0.0,0.08,0.96,0.96,0.06,0.01,0.0,0.01,0.0,0.0,0.0,0.0,0.0,1.0,1.0,1.0,1.0,1.0,1.0,1.0,1.0,1.0,1.0,1.0,1.0,1.0,1.0,1.0,1.0,1.0,1.0,1.0,1.0,1.0,1.0,1.0,1.0,1.0,1.0],[0.0,0.0,0.0,0.0,0.01,0.06,0.89,0.97,0.08,0.61,0.0,0.0,0.0,0.0,0.0,0.0,0.0,0.0,0.0,0.0,0.0,0.0,0.56,0.92,0.15,0.0,0.16,0.96,0.98,0.09,0.02,0.0,0.01,0.0,0.0,0.0,0.0,0.0,1.0,1.0,1.0,1.0,1.0,1.0,1.0,1.0,1.0,1.0,0.98,1.0,1.0,1.0,1.0,1.0,1.0,1.0,1.0,1.0,1.0,1.0,1.0,1.0,1.0,1.0],[0.0,0.0,0.0,0.0,0.01,0.07,0.51,0.86,0.05,0.24,0.0,0.0,0.0,0.0,0.0,0.0,0.0,0.0,0.0,0.0,0.0,0.0,0.5,0.91,0.26,0.0,0.34,0.92,0.94,0.07,0.01,0.0,0.01,0.0,0.0,0.0,0.0,0.0,0.94,1.0,1.0,1.0,1.0,1.0,1.0,1.0,1.0,1.0,0.75,0.54,1.0,1.0,1.0,1.0,1.0,1.0,1.0,1.0,1.0,1.0,1.0,1.0,1.0,0.99],[0.0,0.0,0.0,0.0,0.01,0.06,0.39,0.65,0.07,0.16,0.0,0.0,0.0,0.0,0.0,0.0,0.0,0.0,0.0,0.0,0.0,0.0,0.2,0.86,0.34,0.0,0.48,0.91,0.94,0.1,0.02,0.0,0.02,0.0,0.0,0.0,0.0,0.0,0.94,0.98,1.0,1.0,1.0,1.0,1.0,1.0,1.0,0.04,0.06,0.1,1.0,1.0,1.0,1.0,1.0,1.0,1.0,1.0,1.0,1.0,1.0,1.0,1.0,0.98],[0.0,0.0,0.0,0.0,0.02,0.07,0.28,0.29,0.05,0.06,0.0,0.0,0.0,0.0,0.0,0.0,0.0,0.0,0.0,0.0,0.0,0.0,0.12,0.81,0.39,0.0,0.46,0.88,0.85,0.11,0.03,0.0,0.03,0.0,0.0,0.0,0.0,0.0,0.02,0.16,0.94,1.0,1.0,1.0,0.89,0.01,0.03,0.01,0.01,0.02,1.0,1.0,1.0,1.0,1.0,1.0,1.0,1.0,1.0,1.0,1.0,1.0,0.93,0.33],[0.0,0.0,0.0,0.0,0.02,0.07,0.26,0.24,0.06,0.05,0.0,0.0,0.0,0.0,0.0,0.0,0.0,0.0,0.0,0.0,0.0,0.0,0.12,0.79,0.43,0.01,0.44,0.86,0.76,0.11,0.04,0.0,0.03,0.0,0.0,0.0,0.0,0.0,0.03,0.09,0.49,0.98,1.0,1.0,0.06,0.03,0.09,0.02,0.03,0.02,0.52,1.0,1.0,1.0,1.0,1.0,1.0,1.0,1.0,1.0,1.0,1.0,0.64,0.13],[0.0,0.0,0.0,0.0,0.02,0.07,0.26,0.24,0.06,0.06,0.0,0.0,0.0,0.0,0.0,0.0,0.0,0.0,0.0,0.0,0.0,0.0,0.15,0.82,0.45,0.01,0.46,0.85,0.72,0.1,0.04,0.0,0.03,0.0,0.0,0.0,0.0,0.0,0.03,0.09,0.43,0.99,1.0,0.99,0.09,0.02,0.06,0.01,0.02,0.03,0.75,0.99,1.0,1.0,1.0,1.0,1.0,1.0,1.0,1.0,1.0,1.0,0.56,0.1],[0.0,0.0,0.0,0.0,0.01,0.04,0.33,0.72,0.11,0.22,0.0,0.0,0.0,0.0,0.0,0.0,0.0,0.0,0.0,0.0,0.0,0.0,0.09,0.79,0.24,0.0,0.43,0.92,0.94,0.15,0.04,0.0,0.02,0.0,0.0,0.0,0.0,0.0,1.0,1.0,1.0,1.0,1.0,1.0,1.0,1.0,1.0,0.01,0.02,0.03,1.0,1.0,1.0,1.0,1.0,1.0,1.0,1.0,1.0,1.0,1.0,1.0,1.0,1.0],[0.0,0.0,0.0,0.0,0.0,0.03,0.59,0.94,0.17,0.55,0.0,0.0,0.0,0.0,0.0,0.0,0.0,0.0,0.0,0.0,0.0,0.0,0.09,0.79,0.14,0.0,0.26,0.95,0.97,0.23,0.04,0.0,0.02,0.0,0.0,0.0,0.0,0.0,1.0,1.0,1.0,1.0,1.0,1.0,1.0,1.0,1.0,0.87,0.09,0.06,1.0,1.0,1.0,1.0,1.0,1.0,1.0,1.0,1.0,1.0,1.0,1.0,1.0,1.0],[0.0,0.0,0.0,0.0,0.0,0.04,0.91,0.98,0.16,0.8,0.0,0.0,0.0,0.0,0.0,0.0,0.0,0.0,0.0,0.0,0.0,0.0,0.24,0.88,0.1,0.0,0.13,0.96,0.98,0.22,0.03,0.0,0.01,0.0,0.0,0.0,0.0,0.0,1.0,1.0,1.0,1.0,1.0,1.0,1.0,1.0,1.0,1.0,0.99,1.0,1.0,1.0,1.0,1.0,1.0,1.0,1.0,1.0,1.0,1.0,1.0,1.0,1.0,1.0],[0.0,0.0,0.0,0.0,0.0,0.02,0.74,0.96,0.61,0.74,0.01,0.0,0.0,0.0,0.0,0.0,0.0,0.0,0.0,0.0,0.0,0.0,0.07,0.24,0.05,0.0,0.09,0.92,0.96,0.79,0.24,0.0,0.05,0.0,0.0,0.0,0.0,0.0,1.0,1.0,1.0,1.0,1.0,1.0,1.0,1.0,1.0,0.92,0.38,0.42,1.0,1.0,1.0,1.0,1.0,1.0,0.93,0.64,0.56,1.0,1.0,1.0,1.0,1.0],[0.0,0.0,0.0,0.0,0.01,0.02,0.53,0.87,0.71,0.55,0.02,0.0,0.0,0.0,0.0,0.0,0.0,0.0,0.0,0.0,0.0,0.0,0.07,0.14,0.05,0.0,0.1,0.83,0.92,0.83,0.4,0.0,0.07,0.0,0.0,0.0,0.0,0.0,1.0,1.0,1.0,1.0,1.0,1.0,1.0,1.0,0.98,0.14,0.07,0.08,1.0,1.0,1.0,1.0,0.99,0.98,0.33,0.13,0.1,1.0,1.0,1.0,1.0,1.0]],
