{
  "atom_chain_ids": ["A","A","A","A","A","A","A","A","A","A","A","A","A","A","A","A","A","A","A","A","A","A","A","A","A","A","A","A","A","A","A","A","A","A","A","A","A","A","A","A","A","A","A","A","A","A","A","A","A","A","A","A","A","A","A","A","A","A","A","A","A","A","A","A","A","A","A","A","A","A","A","A","A","A","A","A","A","A","A","A","A","A","A","A","A","A","A","A","A","A","A","A","A","A","A","A","A","A","A","A","A","A","A","A","A","A","A","A","A","A","A","A","A","A","A","A","A","A","A","A","A","A","A","A","A","A","A","A","A","A","A","A","A","A","A","A","A","A","A","A","A","A","A","A","A","A","A","A","A","A","A","A","A","A","A","A","A","A","A","A","A","A","A","A","A","A","A","A","A","A","A","A","A","A","A","A","A","A","A","A","A","A","A","A","A","A","A","A","A","A","A","A","A","A","A","A","A","A","A","A","A","A","A","A","A","A","A","A","A","A","A","A","A","A","A","A","A","A","A","A","A","A","A","A","A","A","A","A","A","A","A","A","A","A","A","A","A","A","A","A","A","A","A","A","A","A","A","A","A","A","A","A","A","A","A","A","A","A","A","A","A","A","A","A","A","A","A","A","A","A","A","A","A","A","A","A","A","A","A","A","A","A","A","A","A","A","A","A","A","A","A","A","A","A","A","A","A","A","A","A","A","A","A","A","A","A","A","A","A","A","A","A","A","A","A","A","A","A","A","A","A","A","A","A","A","A","A","A","A","A","A","A","A","A","A","A","A","A","A","A","A","A","A","A","A","A","A","A","A","A","A","A","A","A","A","A","A","A","A","A","A","A","A","A","A","A","A","A","A","A","A","A","A","A","A","A","A","A","A","A","A","A","A","A","A","A","A","A","A","A","A","A","A","A","A","A","A","A","A","A","A","A","A","A","A","A","A","A","A","A","A","A","A","A","A","A","A","A","A","A","A","A","A","A","A","A","A","A","A","A","A","A","A","A","A","A","A","A","A","A","A","A","A","A","A","A","A","A","A","A","A","A","A","A","A","A","A","A","A","A","A","A","A","A","A","A","A","A","A","A","A","A","A","A","A","A","A","A","A","A","A","A","A","A","A","A","A","A","A","A","A","A","A","A","A","A","A","A","A","A","A","A","A","A","A","A","A","A","A","A","A","A","A","A","A","A","A","A","A","A","A","A","A","A","A","A","A","A","A","A","A","A","A","A","A","A","A","A","A","A","A","A","A","A","A","A","A","A","A","A","A","A","A","A","A","A","A","A","A","A","A","A","A","A","A","A","A","A","A","A","A","A","A","A","A","A","A","A","A","A","A","A","A","A","A","A","A","A","A","A","A","A","A","A","A","A","A","A","A","A","A","A","A","A","A","A","A","A","A","A","A","A","A","A","A","A","A","A","A","A","A","A","A","A","A","A","A","A","A","A","A","A","A","A","A","A","A","A","A","A","A","A","A","A","A","A","A","A","A","A","A","A","A","A","A","A","A","A","A","A","A","A","A","A","A","A","A","A","A","A","A","A","A","A","A","A","A","A","A","A","A","A","A","A","A","A","A","A","A","A","A","A","A","A","A","A","A","A","A","A","A","A","A","A","A","A","A","A","A","A","A","A","A","A","A","A","A","A","A","A","A","A","A","A","A","A","A","A","A","A","A","A","A","A","A","A","A","A","A","A","A","A","A","A","A","A","A","A","A","A","A","A","A","A","A","A","A","A","A","A","A","A","A","A","A","A","A","A","A","A","A","A","A","A","A","A","A","A","A","A","A","A","A","A","A","A","A","A","A","A","A","A","A","A","A","A","A","A","A","A","A","A","A","A","A","A","A","A","A","A","A","A","A","A","A","A","A","A","A","A","B","B","B","B","B","B","B","B","B","B","B","B","B","B","B","B","B","B","B","B","B","B","B","B","B","B"],
  "atom_plddts": [61.04,64.05,59.14,62.49,64.55,66.05,69.73,70.28,70.83,69.55,69.37,67.76,69.86,70.18,69.65,69.6,70.07,69.42,68.4,68.88,69.04,68.73,70.39,71.97,69.13,66.33,67.93,69.35,69.74,71.33,72.31,72.17,71.13,72.18,70.78,72.15,73.24,73.81,73.69,74.35,73.94,73.39,73.89,73.49,73.15,73.64,73.76,72.62,71.07,72.64,72.03,72.17,73.52,74.3,74.04,72.98,74.51,73.1,74.42,75.69,76.01,75.96,76.91,76.59,76.12,76.04,75.51,75.93,76.41,76.53,73.94,75.76,76.66,77.3,78.86,79.76,79.78,79.24,80.06,78.55,79.85,80.91,80.27,79.61,80.61,80.78,80.18,80.46,80.6,79.91,78.09,79.64,79.97,79.87,81.86,82.09,82.09,81.51,82.27,81.05,82.33,83.17,82.63,81.97,82.91,83.0,82.45,82.65,82.67,82.22,80.62,81.78,82.16,81.98,83.73,84.0,83.89,83.38,83.93,82.84,84.09,84.72,84.31,83.7,84.51,84.51,84.03,84.27,84.33,83.52,82.13,82.68,83.26,83.18,84.54,84.54,84.51,83.82,84.42,83.28,84.91,85.45,84.91,84.22,85.12,85.23,84.64,84.93,84.96,83.41,80.21,80.55,83.0,84.16,86.0,86.46,86.9,86.25,86.49,85.48,87.14,87.55,86.64,86.56,87.22,86.84,86.07,86.72,86.69,86.75,87.52,87.64,83.19,81.82,82.17,81.42,80.78,82.17,82.38,83.3,81.98,82.01,79.23,81.93,81.82,79.86,78.59,80.06,79.2,77.83,77.89,78.06,77.76,80.55,83.02,79.81,80.59,83.58,84.35,85.98,86.46,86.43,86.07,86.6,85.75,86.94,87.46,87.16,86.75,87.53,87.58,86.99,87.39,87.55,87.04,85.84,86.55,87.01,87.21,87.8,87.96,87.91,87.48,87.92,86.95,88.21,88.72,88.46,87.93,88.58,88.58,88.06,88.35,88.53,87.45,86.48,87.11,86.97,86.52,87.89,88.15,88.32,87.71,88.01,86.78,88.05,88.42,88.2,87.97,88.43,88.13,87.68,88.1,87.9,87.32,88.17,88.42,86.67,86.43,87.07,85.65,84.69,86.04,86.14,86.27,85.42,85.81,84.37,86.02,86.53,86.57,86.33,86.8,86.49,86.06,86.51,86.21,85.26,86.21,86.47,86.75,86.17,86.67,86.23,85.23,86.71,86.73,86.78,86.19,86.74,85.31,87.04,87.71,87.17,86.35,87.1,87.05,86.3,86.9,87.11,86.9,85.44,85.26,85.94,85.2,86.66,86.89,87.16,86.6,86.91,85.34,87.24,87.76,87.12,86.72,87.32,86.78,85.76,86.83,86.79,85.82,87.36,87.69,87.95,86.6,86.46,86.4,84.54,86.93,86.97,88.58,87.68,87.59,85.42,86.99,86.84,84.64,83.72,84.32,82.86,81.49,82.21,82.52,82.96,85.34,84.69,82.43,82.39,83.66,82.9,84.6,84.82,85.55,84.7,84.89,82.79,84.68,85.01,83.62,82.91,83.74,83.18,82.01,82.92,82.88,81.35,83.76,84.73,83.6,82.11,82.44,82.19,80.5,82.17,81.99,83.27,81.71,82.09,79.94,82.44,82.93,81.31,80.59,81.99,81.18,79.94,79.89,79.63,79.62,82.07,82.43,79.04,80.04,82.52,83.11,85.05,85.65,85.82,85.35,85.96,84.74,86.19,86.96,86.73,86.64,87.47,87.29,86.58,87.08,86.85,86.81,87.45,87.46,85.0,82.86,83.79,85.08,84.85,86.85,87.25,87.0,86.76,87.25,86.16,87.49,88.04,87.77,87.21,87.97,87.95,87.32,87.8,88.0,87.69,87.02,87.58,87.16,86.35,87.53,87.65,87.41,86.91,87.31,86.2,87.69,88.15,88.13,87.47,88.2,88.27,87.83,88.14,88.12,86.82,85.73,86.44,86.18,85.87,86.92,87.24,87.31,86.69,87.33,86.3,87.58,88.07,87.95,87.74,88.33,88.2,87.76,88.0,87.77,87.81,88.21,85.58,83.55,83.94,84.96,85.24,86.62,86.85,86.93,86.27,86.79,85.81,87.42,87.88,87.8,87.68,88.4,88.39,87.9,88.26,87.96,87.76,88.28,88.36,83.9,81.86,81.92,82.07,82.2,84.1,84.22,84.89,83.65,83.09,80.06,83.72,83.77,81.64,80.02,81.8,81.41,79.65,80.58,80.7,78.67,82.17,83.36,79.87,76.32,76.66,78.86,78.08,80.41,80.56,81.79,80.2,79.87,76.47,80.1,79.88,76.31,73.06,75.69,75.41,72.94,74.34,75.93,81.95,78.86,78.71,81.02,81.47,83.73,84.22,84.7,83.93,84.5,82.86,84.55,84.89,83.45,82.95,84.08,83.52,82.39,82.8,82.75,83.31,84.7,82.78,80.26,80.69,81.77,82.33,84.03,84.6,84.78,84.1,84.67,83.09,84.95,85.44,84.65,84.17,85.12,84.83,83.83,84.3,84.14,84.27,85.44,83.18,79.77,80.41,83.2,83.5,85.39,85.8,85.84,85.27,85.78,84.64,86.4,86.87,86.49,85.9,86.8,86.84,86.13,86.57,86.72,82.58,79.89,80.01,81.54,82.29,84.33,84.71,85.0,84.14,84.37,83.04,85.16,85.71,85.25,85.02,85.78,85.49,84.73,85.27,85.09,84.81,85.82,86.04,79.57,77.98,79.22,77.59,77.27,79.5,79.91,80.8,79.44,79.65,76.59,79.8,80.31,78.12,76.86,78.4,77.76,76.21,76.54,76.49,76.14,78.81,76.3,73.42,74.28,75.44,76.31,77.71,78.68,79.27,77.76,78.73,76.19,78.62,79.44,77.47,76.72,78.28,77.92,76.51,76.87,76.76,76.9,78.93,72.87,69.66,71.07,72.84,71.88,73.1,73.11,75.34,73.69,71.57,68.59,71.61,70.76,66.92,63.82,64.95,63.99,61.96,64.09,66.62,73.4,69.21,70.31,74.05,76.17,78.39,79.9,79.72,79.14,79.83,78.67,80.02,81.03,80.44,80.49,81.2,80.88,80.24,80.68,80.49,80.66,81.17,81.19,76.14,74.26,75.16,75.91,76.45,77.88,79.05,78.72,77.88,78.99,77.55,78.95,79.91,79.64,79.48,80.02,79.68,79.14,79.54,79.27,79.03,79.65,79.85,75.11,74.61,75.33,73.96,73.85,74.53,75.11,75.08,73.87,75.49,73.64,74.84,75.83,75.87,75.58,76.1,75.54,75.04,75.29,74.99,75.25,75.97,74.65,73.46,74.08,73.55,73.14,74.29,75.33,75.28,74.86,75.19,72.89,74.84,75.88,75.47,74.38,75.1,75.05,74.34,74.99,75.3,74.96,73.41,73.8,74.54,73.6,75.18,75.65,75.37,75.07,75.13,73.58,75.03,75.86,75.71,74.47,75.3,75.15,74.26,75.18,75.58,75.55,75.01,74.71,74.62,73.6,75.0,74.74,74.86,74.22,73.69,72.29,73.64,74.14,73.62,72.0,72.7,72.3,71.31,72.6,73.47,81.3,79.69,81.64,87.55,88.9,88.78,87.64,86.16,86.85,84.49,75.6,77.97,87.53,88.7,88.39,88.14,86.05,84.77,80.98,74.23,75.0,85.73,87.5,88.85,82.35,79.66],
  "contact_probs": [[1.0,0.99,0.13,0.0,0.0,0.0,0.0,0.0,0.0,0.0,0.0,0.0,0.0,0.0,0.0,0.0,0.0,0.0,0.0,0.0,0.0,0.0,0.0,0.0,0.0,0.0,0.0,0.0,0.0,0.0,0.0,0.0,0.0,0.0,0.0,0.0,0.06,0.98,0.0,0.0,0.0,0.0,0.0,0.0,0.0,0.0,0.0,0.0,0.0,0.0,0.0,0.0,0.0,0.0,0.0,0.0,0.0,0.0,0.0,0.0,0.0,0.0,0.0,0.0],[0.99,1.0,1.0,0.05,0.0,0.0,0.0,0.0,0.0,0.0,0.0,0.0,0.0,0.0,0.0,0.0,0.0,0.0,0.0,0.0,0.0,0.0,0.0,0.0,0.0,0.0,0.0,0.0,0.0,0.0,0.0,0.0,0.0,0.0,0.0,0.03,0.99,0.96,0.0,0.0,0.0,0.0,0.0,0.0,0.0,0.0,0.0,0.0,0.0,0.0,0.0,0.0,0.0,0.0,0.0,0.0,0.0,0.0,0.0,0.0,0.0,0.0,0.0,0.0],[0.13,1.0,1.0,1.0,0.03,0.0,0.0,0.0,0.0,0.0,0.0,0.0,0.0,0.0,0.0,0.0,0.0,0.0,0.0,0.0,0.0,0.0,0.0,0.0,0.0,0.0,0.0,0.0,0.0,0.0,0.0,0.0,0.0,0.0,0.02,0.99,0.99,0.73,0.0,0.0,0.0,0.0,0.0,0.0,0.0,0.0,0.0,0.0,0.0,0.0,0.0,0.0,0.0,0.0,0.0,0.0,0.0,0.0,0.0,0.0,0.0,0.0,0.0,0.0],[0.0,0.05,1.0,1.0,1.0,0.02,0.0,0.0,0.0,0.0,0.0,0.0,0.0,0.0,0.0,0.0,0.0,0.0,0.0,0.0,0.0,0.0,0.0,0.0,0.0,0.0,0.0,0.0,0.0,0.0,0.0,0.0,0.0,0.02,0.99,1.0,0.85,0.0,0.0,0.0,0.0,0.0,0.0,0.0,0.0,0.0,0.0,0.0,0.0,0.0,0.0,0.0,0.0,0.0,0.0,0.0,0.0,0.0,0.0,0.0,0.0,0.0,0.0,0.0],[0.0,0.0,0.03,1.0,1.0,1.0,0.41,0.0,0.0,0.0,0.0,0.0,0.0,0.0,0.0,0.0,0.0,0.0,0.0,0.0,0.0,0.0,0.0,0.01,0.0,0.0,0.0,0.0,0.01,0.0,0.0,0.0,0.02,0.99,0.99,0.91,0.0,0.0,0.01,0.01,0.0,0.0,0.0,0.0,0.0,0.01,0.01,0.03,0.06,0.05,0.01,0.0,0.01,0.01,0.01,0.01,0.02,0.02,0.03,0.01,0.0,0.0,0.0,0.01],[0.0,0.0,0.0,0.02,1.0,1.0,0.99,0.0,0.0,0.0,0.0,0.0,0.0,0.0,0.0,0.0,0.0,0.0,0.0,0.0,0.0,0.0,0.0,0.01,0.0,0.0,0.0,0.0,0.09,0.01,0.02,0.0,0.99,0.99,0.87,0.0,0.0,0.0,0.02,0.02,0.03,0.02,0.02,0.07,0.16,0.38,0.49,0.56,0.49,0.5,0.34,0.13,0.09,0.07,0.07,0.06,0.07,0.07,0.07,0.04,0.03,0.04,0.03,0.02],[0.0,0.0,0.0,0.0,0.41,0.99,1.0,0.78,0.06,0.0,0.0,0.0,0.0,0.0,0.0,0.0,0.0,0.0,0.0,0.0,0.0,0.0,0.0,0.03,0.0,0.0,0.0,0.01,0.99,0.5,0.63,0.01,0.97,0.71,0.0,0.0,0.0,0.0,0.48,0.53,0.68,0.86,0.94,0.93,0.91,0.9,0.9,0.86,0.81,0.87,0.91,0.94,0.93,0.89,0.53,0.4,0.29,0.27,0.27,0.34,0.59,0.92,0.72,0.52],[0.0,0.0,0.0,0.0,0.0,0.0,0.78,1.0,0.59,0.99,0.45,0.0,0.0,0.0,0.0,0.0,0.0,0.0,0.0,0.0,0.0,0.01,0.8,0.21,0.01,0.0,0.01,0.99,0.24,0.15,0.01,0.0,0.0,0.0,0.0,0.0,0.0,0.0,0.83,0.87,0.95,0.97,0.98,0.98,0.97,0.96,0.96,0.92,0.88,0.91,0.97,0.98,0.97,0.97,0.86,0.64,0.3,0.24,0.25,0.71,0.93,0.98,0.95,0.86],[0.0,0.0,0.0,0.0,0.0,0.0,0.06,0.59,1.0,0.21,0.0,0.0,0.0,0.0,0.0,0.0,0.0,0.0,0.0,0.0,0.0,0.0,0.01,0.01,0.0,0.0,0.01,0.1,0.12,0.91,0.35,0.0,0.0,0.0,0.0,0.0,0.0,0.0,0.77,0.73,0.62,0.55,0.32,0.23,0.38,0.26,0.08,0.05,0.05,0.04,0.05,0.08,0.05,0.08,0.05,0.07,0.05,0.06,0.06,0.11,0.17,0.16,0.61,0.71],[0.0,0.0,0.0,0.0,0.0,0.0,0.0,0.99,0.21,1.0,1.0,0.05,0.0,0.0,0.0,0.0,0.0,0.0,0.0,0.0,0.0,0.09,0.99,0.11,0.04,0.02,0.5,0.97,0.01,0.02,0.0,0.0,0.0,0.0,0.0,0.0,0.0,0.0,0.49,0.58,0.75,0.89,0.92,0.92,0.88,0.76,0.6,0.26,0.17,0.15,0.56,0.81,0.62,0.6,0.23,0.15,0.07,0.05,0.06,0.22,0.54,0.8,0.74,0.55],[0.0,0.0,0.0,0.0,0.0,0.0,0.0,0.45,0.0,1.0,1.0,1.0,0.23,0.0,0.0,0.0,0.0,0.0,0.0,0.0,0.08,0.99,0.99,0.04,0.07,0.87,0.92,0.78,0.0,0.0,0.0,0.0,0.0,0.0,0.0,0.0,0.0,0.0,0.02,0.02,0.01,0.0,0.0,0.0,0.0,0.0,0.0,0.0,0.01,0.01,0.0,0.0,0.0,0.0,0.0,0.0,0.0,0.0,0.0,0.0,0.0,0.0,0.01,0.02],[0.0,0.0,0.0,0.0,0.0,0.0,0.0,0.0,0.0,0.05,1.0,1.0,1.0,0.14,0.0,0.0,0.0,0.0,0.0,0.06,1.0,1.0,0.71,0.0,0.01,0.75,0.17,0.0,0.0,0.0,0.0,0.0,0.0,0.0,0.0,0.0,0.0,0.0,0.0,0.0,0.0,0.0,0.0,0.0,0.0,0.0,0.0,0.0,0.0,0.0,0.0,0.0,0.0,0.0,0.0,0.0,0.0,0.0,0.0,0.0,0.0,0.0,0.0,0.0],[0.0,0.0,0.0,0.0,0.0,0.0,0.0,0.0,0.0,0.0,0.23,1.0,1.0,1.0,0.37,0.0,0.0,0.0,0.06,0.99,1.0,0.87,0.0,0.0,0.0,0.01,0.0,0.0,0.0,0.0,0.0,0.0,0.0,0.0,0.0,0.0,0.0,0.0,0.0,0.0,0.0,0.0,0.0,0.0,0.0,0.0,0.0,0.0,0.0,0.0,0.0,0.0,0.0,0.0,0.0,0.0,0.0,0.0,0.0,0.0,0.0,0.0,0.0,0.0],[0.0,0.0,0.0,0.0,0.0,0.0,0.0,0.0,0.0,0.0,0.0,0.14,1.0,1.0,1.0,0.0,0.01,0.01,0.99,1.0,0.86,0.0,0.0,0.0,0.0,0.0,0.0,0.0,0.0,0.0,0.0,0.0,0.0,0.0,0.0,0.0,0.0,0.0,0.0,0.0,0.0,0.0,0.0,0.0,0.0,0.0,0.0,0.0,0.0,0.0,0.0,0.0,0.0,0.0,0.0,0.0,0.0,0.0,0.0,0.0,0.0,0.0,0.0,0.0],[0.0,0.0,0.0,0.0,0.0,0.0,0.0,0.0,0.0,0.0,0.0,0.0,0.37,1.0,1.0,0.15,0.95,0.89,0.99,0.8,0.0,0.0,0.0,0.0,0.0,0.0,0.0,0.0,0.0,0.0,0.0,0.0,0.0,0.0,0.0,0.0,0.0,0.0,0.0,0.0,0.0,0.0,0.0,0.0,0.0,0.0,0.0,0.0,0.0,0.0,0.0,0.0,0.0,0.0,0.0,0.0,0.0,0.0,0.0,0.0,0.0,0.0,0.0,0.0],[0.0,0.0,0.0,0.0,0.0,0.0,0.0,0.0,0.0,0.0,0.0,0.0,0.0,0.0,0.15,1.0,0.99,0.52,0.0,0.0,0.0,0.0,0.0,0.0,0.0,0.0,0.0,0.0,0.0,0.0,0.0,0.0,0.0,0.0,0.0,0.0,0.0,0.0,0.0,0.0,0.0,0.0,0.0,0.0,0.0,0.0,0.0,0.0,0.0,0.0,0.0,0.0,0.0,0.0,0.0,0.0,0.0,0.0,0.0,0.0,0.0,0.0,0.0,0.0],[0.0,0.0,0.0,0.0,0.0,0.0,0.0,0.0,0.0,0.0,0.0,0.0,0.0,0.01,0.95,0.99,1.0,0.99,0.73,0.0,0.0,0.0,0.0,0.0,0.0,0.0,0.0,0.0,0.0,0.0,0.0,0.0,0.0,0.0,0.0,0.0,0.0,0.0,0.0,0.0,0.0,0.0,0.0,0.0,0.0,0.0,0.0,0.0,0.0,0.0,0.0,0.0,0.0,0.0,0.0,0.0,0.0,0.0,0.0,0.0,0.0,0.0,0.0,0.0],[0.0,0.0,0.0,0.0,0.0,0.0,0.0,0.0,0.0,0.0,0.0,0.0,0.0,0.01,0.89,0.52,0.99,1.0,0.99,0.12,0.0,0.0,0.0,0.0,0.0,0.0,0.0,0.0,0.0,0.0,0.0,0.0,0.0,0.0,0.0,0.0,0.0,0.0,0.0,0.0,0.0,0.0,0.0,0.0,0.0,0.0,0.0,0.0,0.0,0.0,0.0,0.0,0.0,0.0,0.0,0.0,0.0,0.0,0.0,0.0,0.0,0.0,0.0,0.0],[0.0,0.0,0.0,0.0,0.0,0.0,0.0,0.0,0.0,0.0,0.0,0.0,0.06,0.99,0.99,0.0,0.73,0.99,1.0,1.0,0.06,0.0,0.0,0.0,0.0,0.0,0.0,0.0,0.0,0.0,0.0,0.0,0.0,0.0,0.0,0.0,0.0,0.0,0.0,0.0,0.0,0.0,0.0,0.0,0.0,0.0,0.0,0.0,0.0,0.0,0.0,0.0,0.0,0.0,0.0,0.0,0.0,0.0,0.0,0.0,0.0,0.0,0.0,0.0],[0.0,0.0,0.0,0.0,0.0,0.0,0.0,0.0,0.0,0.0,0.0,0.06,0.99,1.0,0.8,0.0,0.0,0.12,1.0,1.0,1.0,0.22,0.0,0.0,0.0,0.0,0.0,0.0,0.0,0.0,0.0,0.0,0.0,0.0,0.0,0.0,0.0,0.0,0.0,0.0,0.0,0.0,0.0,0.0,0.0,0.0,0.0,0.0,0.0,0.0,0.0,0.0,0.0,0.0,0.0,0.0,0.0,0.0,0.0,0.0,0.0,0.0,0.0,0.0],[0.0,0.0,0.0,0.0,0.0,0.0,0.0,0.0,0.0,0.0,0.08,1.0,1.0,0.86,0.0,0.0,0.0,0.0,0.06,1.0,1.0,1.0,0.22,0.0,0.0,0.0,0.0,0.0,0.0,0.0,0.0,0.0,0.0,0.0,0.0,0.0,0.0,0.0,0.0,0.0,0.0,0.0,0.0,0.0,0.0,0.0,0.0,0.0,0.0,0.0,0.0,0.0,0.0,0.0,0.0,0.0,0.0,0.0,0.0,0.0,0.0,0.0,0.0,0.0],[0.0,0.0,0.0,0.0,0.0,0.0,0.0,0.01,0.0,0.09,0.99,1.0,0.87,0.0,0.0,0.0,0.0,0.0,0.0,0.22,1.0,1.0,1.0,0.03,0.04,0.17,0.02,0.0,0.0,0.0,0.0,0.0,0.0,0.0,0.0,0.0,0.0,0.0,0.0,0.0,0.0,0.0,0.0,0.0,0.0,0.0,0.0,0.0,0.0,0.01,0.0,0.0,0.0,0.0,0.0,0.0,0.0,0.0,0.0,0.0,0.0,0.0,0.0,0.0],[0.0,0.0,0.0,0.0,0.0,0.0,0.0,0.8,0.01,0.99,0.99,0.71,0.0,0.0,0.0,0.0,0.0,0.0,0.0,0.0,0.22,1.0,1.0,0.76,0.2,0.35,0.62,0.77,0.0,0.0,0.0,0.0,0.0,0.0,0.0,0.0,0.0,0.0,0.06,0.07,0.07,0.07,0.17,0.36,0.19,0.24,0.53,0.45,0.37,0.46,0.72,0.72,0.75,0.56,0.48,0.2,0.12,0.13,0.16,0.09,0.09,0.24,0.07,0.07],[0.0,0.0,0.0,0.0,0.01,0.01,0.03,0.21,0.01,0.11,0.04,0.0,0.0,0.0,0.0,0.0,0.0,0.0,0.0,0.0,0.0,0.03,0.76,1.0,0.44,0.03,0.25,0.67,0.19,0.0,0.0,0.0,0.0,0.0,0.0,0.0,0.0,0.0,0.12,0.15,0.24,0.38,0.79,0.83,0.53,0.48,0.68,0.57,0.44,0.52,0.85,0.91,0.92,0.92,0.91,0.87,0.81,0.79,0.83,0.8,0.79,0.88,0.26,0.15],[0.0,0.0,0.0,0.0,0.0,0.0,0.0,0.01,0.0,0.04,0.07,0.01,0.0,0.0,0.0,0.0,0.0,0.0,0.0,0.0,0.0,0.04,0.2,0.44,1.0,0.65,0.73,0.48,0.01,0.0,0.0,0.0,0.0,0.0,0.0,0.0,0.0,0.0,0.04,0.05,0.05,0.05,0.05,0.05,0.04,0.05,0.06,0.06,0.08,0.06,0.07,0.07,0.11,0.14,0.26,0.32,0.38,0.42,0.44,0.24,0.14,0.1,0.05,0.05],[0.0,0.0,0.0,0.0,0.0,0.0,0.0,0.0,0.0,0.02,0.87,0.75,0.01,0.0,0.0,0.0,0.0,0.0,0.0,0.0,0.0,0.17,0.35,0.03,0.65,1.0,0.97,0.08,0.0,0.0,0.0,0.0,0.0,0.0,0.0,0.0,0.0,0.0,0.0,0.0,0.0,0.0,0.0,0.0,0.0,0.0,0.0,0.0,0.01,0.01,0.0,0.0,0.0,0.0,0.0,0.0,0.0,0.01,0.01,0.0,0.0,0.0,0.0,0.0],[0.0,0.0,0.0,0.0,0.0,0.0,0.0,0.01,0.01,0.5,0.92,0.17,0.0,0.0,0.0,0.0,0.0,0.0,0.0,0.0,0.0,0.02,0.62,0.25,0.73,0.97,1.0,0.97,0.0,0.0,0.0,0.0,0.0,0.0,0.0,0.0,0.0,0.0,0.08,0.11,0.11,0.08,0.06,0.06,0.06,0.05,0.07,0.05,0.05,0.04,0.06,0.07,0.08,0.16,0.33,0.48,0.45,0.44,0.45,0.44,0.27,0.14,0.1,0.11],[0.0,0.0,0.0,0.0,0.0,0.0,0.01,0.99,0.1,0.97,0.78,0.0,0.0,0.0,0.0,0.0,0.0,0.0,0.0,0.0,0.0,0.0,0.77,0.67,0.48,0.08,0.97,1.0,0.68,0.02,0.0,0.0,0.0,0.0,0.0,0.0,0.0,0.0,0.79,0.83,0.92,0.95,0.97,0.97,0.92,0.73,0.67,0.33,0.25,0.24,0.84,0.96,0.96,0.96,0.92,0.91,0.88,0.86,0.84,0.92,0.95,0.96,0.92,0.83],[0.0,0.0,0.0,0.0,0.01,0.09,0.99,0.24,0.12,0.01,0.0,0.0,0.0,0.0,0.0,0.0,0.0,0.0,0.0,0.0,0.0,0.0,0.0,0.19,0.01,0.0,0.0,0.68,1.0,0.78,0.6,0.01,0.77,0.01,0.0,0.0,0.0,0.0,0.91,0.9,0.96,0.97,0.98,0.98,0.95,0.88,0.82,0.41,0.26,0.25,0.88,0.96,0.96,0.98,0.94,0.94,0.85,0.76,0.72,0.94,0.98,0.98,0.96,0.91],[0.0,0.0,0.0,0.0,0.0,0.01,0.5,0.15,0.91,0.02,0.0,0.0,0.0,0.0,0.0,0.0,0.0,0.0,0.0,0.0,0.0,0.0,0.0,0.0,0.0,0.0,0.0,0.02,0.78,1.0,0.95,0.01,0.54,0.0,0.0,0.0,0.0,0.0,0.86,0.81,0.8,0.77,0.5,0.33,0.51,0.31,0.09,0.06,0.04,0.04,0.07,0.09,0.06,0.09,0.07,0.1,0.11,0.11,0.1,0.16,0.24,0.22,0.79,0.82],[0.0,0.0,0.0,0.0,0.0,0.02,0.63,0.01,0.35,0.0,0.0,0.0,0.0,0.0,0.0,0.0,0.0,0.0,0.0,0.0,0.0,0.0,0.0,0.0,0.0,0.0,0.0,0.0,0.6,0.95,1.0,0.06,0.97,0.1,0.0,0.0,0.0,0.0,0.49,0.43,0.27,0.13,0.04,0.03,0.05,0.04,0.01,0.01,0.01,0.01,0.01,0.01,0.01,0.02,0.01,0.03,0.03,0.04,0.04,0.04,0.04,0.03,0.24,0.39],[0.0,0.0,0.0,0.0,0.0,0.0,0.01,0.0,0.0,0.0,0.0,0.0,0.0,0.0,0.0,0.0,0.0,0.0,0.0,0.0,0.0,0.0,0.0,0.0,0.0,0.0,0.0,0.0,0.01,0.01,0.06,1.0,0.02,0.01,0.0,0.0,0.0,0.0,0.0,0.0,0.0,0.0,0.0,0.0,0.0,0.0,0.0,0.0,0.0,0.0,0.0,0.0,0.0,0.0,0.0,0.0,0.0,0.0,0.0,0.0,0.0,0.0,0.0,0.0],[0.0,0.0,0.0,0.0,0.02,0.99,0.97,0.0,0.0,0.0,0.0,0.0,0.0,0.0,0.0,0.0,0.0,0.0,0.0,0.0,0.0,0.0,0.0,0.0,0.0,0.0,0.0,0.0,0.77,0.54,0.97,0.02,1.0,1.0,0.04,0.0,0.0,0.0,0.06,0.09,0.06,0.02,0.01,0.01,0.02,0.02,0.01,0.01,0.01,0.02,0.01,0.01,0.01,0.01,0.01,0.02,0.03,0.03,0.03,0.02,0.02,0.01,0.05,0.07],[0.0,0.0,0.0,0.02,0.99,0.99,0.71,0.0,0.0,0.0,0.0,0.0,0.0,0.0,0.0,0.0,0.0,0.0,0.0,0.0,0.0,0.0,0.0,0.0,0.0,0.0,0.0,0.0,0.01,0.0,0.1,0.01,1.0,1.0,1.0,0.02,0.0,0.0,0.0,0.0,0.0,0.0,0.0,0.0,0.0,0.0,0.0,0.0,0.0,0.0,0.0,0.0,0.0,0.0,0.0,0.0,0.0,0.0,0.0,0.0,0.0,0.0,0.0,0.0],[0.0,0.0,0.02,0.99,0.99,0.87,0.0,0.0,0.0,0.0,0.0,0.0,0.0,0.0,0.0,0.0,0.0,0.0,0.0,0.0,0.0,0.0,0.0,0.0,0.0,0.0,0.0,0.0,0.0,0.0,0.0,0.0,0.04,1.0,1.0,1.0,0.03,0.0,0.0,0.0,0.0,0.0,0.0,0.0,0.0,0.0,0.0,0.0,0.0,0.0,0.0,0.0,0.0,0.0,0.0,0.0,0.0,0.0,0.0,0.0,0.0,0.0,0.0,0.0],[0.0,0.03,0.99,1.0,0.91,0.0,0.0,0.0,0.0,0.0,0.0,0.0,0.0,0.0,0.0,0.0,0.0,0.0,0.0,0.0,0.0,0.0,0.0,0.0,0.0,0.0,0.0,0.0,0.0,0.0,0.0,0.0,0.0,0.02,1.0,1.0,0.99,0.03,0.0,0.0,0.0,0.0,0.0,0.0,0.0,0.0,0.0,0.0,0.0,0.0,0.0,0.0,0.0,0.0,0.0,0.0,0.0,0.0,0.0,0.0,0.0,0.0,0.0,0.0],[0.06,0.99,0.99,0.85,0.0,0.0,0.0,0.0,0.0,0.0,0.0,0.0,0.0,0.0,0.0,0.0,0.0,0.0,0.0,0.0,0.0,0.0,0.0,0.0,0.0,0.0,0.0,0.0,0.0,0.0,0.0,0.0,0.0,0.0,0.03,0.99,1.0,0.99,0.0,0.0,0.0,0.0,0.0,0.0,0.0,0.0,0.0,0.0,0.0,0.0,0.0,0.0,0.0,0.0,0.0,0.0,0.0,0.0,0.0,0.0,0.0,0.0,0.0,0.0],[0.98,0.96,0.73,0.0,0.0,0.0,0.0,0.0,0.0,0.0,0.0,0.0,0.0,0.0,0.0,0.0,0.0,0.0,0.0,0.0,0.0,0.0,0.0,0.0,0.0,0.0,0.0,0.0,0.0,0.0,0.0,0.0,0.0,0.0,0.0,0.03,0.99,1.0,0.0,0.0,0.0,0.0,0.0,0.0,0.0,0.0,0.0,0.0,0.0,0.0,0.0,0.0,0.0,0.0,0.0,0.0,0.0,0.0,0.0,0.0,0.0,0.0,0.0,0.0],[0.0,0.0,0.0,0.0,0.01,0.02,0.48,0.83,0.77,0.49,0.02,0.0,0.0,0.0,0.0,0.0,0.0,0.0,0.0,0.0,0.0,0.0,0.06,0.12,0.04,0.0,0.08,0.79,0.91,0.86,0.49,0.0,0.06,0.0,0.0,0.0,0.0,0.0,1.0,1.0,1.0,1.0,1.0,1.0,1.0,1.0,0.92,0.02,0.02,0.03,0.94,1.0,1.0,1.0,0.95,0.94,0.02,0.03,0.03,1.0,1.0,1.0,1.0,1.0],[0.0,0.0,0.0,0.0,0.01,0.02,0.53,0.87,0.73,0.58,0.02,0.0,0.0,0.0,0.0,0.0,0.0,0.0,0.0,0.0,0.0,0.0,0.07,0.15,0.05,0.0,0.11,0.83,0.9,0.81,0.43,0.0,0.09,0.0,0.0,0.0,0.0,0.0,1.0,1.0,1.0,1.0,1.0,1.0,1.0,1.0,0.97,0.26,0.11,0.08,0.99,1.0,1.0,1.0,1.0,0.98,0.16,0.09,0.09,1.0,1.0,1.0,1.0,1.0],[0.0,0.0,0.0,0.0,0.0,0.03,0.68,0.95,0.62,0.75,0.01,0.0,0.0,0.0,0.0,0.0,0.0,0.0,0.0,0.0,0.0,0.0,0.07,0.24,0.05,0.0,0.11,0.92,0.96,0.8,0.27,0.0,0.06,0.0,0.0,0.0,0.0,0.0,1.0,1.0,1.0,1.0,1.0,1.0,1.0,1.0,1.0,0.91,0.55,0.46,1.0,1.0,1.0,1.0,1.0,1.0,0.94,0.51,0.43,1.0,1.0,1.0,1.0,1.0],[0.0,0.0,0.0,0.0,0.0,0.02,0.86,0.97,0.55,0.89,0.0,0.0,0.0,0.0,0.0,0.0,0.0,0.0,0.0,0.0,0.0,0.0,0.07,0.38,0.05,0.0,0.08,0.95,0.97,0.77,0.13,0.0,0.02,0.0,0.0,0.0,0.0,0.0,1.0,1.0,1.0,1.0,1.0,1.0,1.0,1.0,1.0,1.0,0.96,0.98,1.0,1.0,1.0,1.0,1.0,1.0,1.0,0.98,0.99,1.0,1.0,1.0,1.0,1.0],[0.0,0.0,0.0,0.0,0.0,0.02,0.94,0.98,0.32,0.92,0.0,0.0,0.0,0.0,0.0,0.0,0.0,0.0,0.0,0.0,0.0,0.0,0.17,0.79,0.05,0.0,0.06,0.97,0.98,0.5,0.04,0.0,0.01,0.0,0.0,0.0,0.0,0.0,1.0,1.0,1.0,1.0,1.0,1.0,1.0,1.0,1.0,1.0,1.0,1.0,1.0,1.0,1.0,1.0,1.0,1.0,1.0,1.0,1.0,1.0,1.0,1.0,1.0,1.0],[0.0,0.0,0.0,0.0,0.0,0.07,0.93,0.98,0.23,0.92,0.0,0.0,0.0,0.0,0.0,0.0,0.0,0.0,0.0,0.0,0.0,0.0,0.36,0.83,0.05,0.0,0.06,0.97,0.98,0.33,0.03,0.0,0.01,0.0,0.0,0.0,0.0,0.0,1.0,1.0,1.0,1.0,1.0,1.0,1.0,1.0,1.0,1.0,1.0,1.0,1.0,1.0,1.0,1.0,1.0,1.0,1.0,1.0,0.99,1.0,1.0,1.0,1.0,1.0],[0.0,0.0,0.0,0.0,0.0,0.16,0.91,0.97,0.38,0.88,0.0,0.0,0.0,0.0,0.0,0.0,0.0,0.0,0.0,0.0,0.0,0.0,0.19,0.53,0.04,0.0,0.06,0.92,0.95,0.51,0.05,0.0,0.02,0.0,0.0,0.0,0.0,0.0,1.0,1.0,1.0,1.0,1.0,1.0,1.0,1.0,1.0,1.0,1.0,1.0,1.0,1.0,1.0,1.0,1.0,1.0,0.89,0.07,0.1,1.0,1.0,1.0,1.0,1.0],[0.0,0.0,0.0,0.0,0.01,0.38,0.9,0.96,0.26,0.76,0.0,0.0,0.0,0.0,0.0,0.0,0.0,0.0,0.0,0.0,0.0,0.0,0.24,0.48,0.05,0.0,0.05,0.73,0.88,0.31,0.04,0.0,0.02,0.0,0.0,0.0,0.0,0.0,1.0,1.0,1.0,1.0,1.0,1.0,1.0,1.0,1.0,1.0,1.0,1.0,1.0,1.0,1.0,1.0,1.0,1.0,0.01,0.03,0.02,1.0,1.0,1.0,1.0,1.0],[0.0,0.0,0.0,0.0,0.01,0.49,0.9,0.96,0.08,0.6,0.0,0.0,0.0,0.0,0.0,0.0,0.0,0.0,0.0,0.0,0.0,0.0,0.53,0.68,0.06,0.0,0.07,0.67,0.82,0.09,0.01,0.0,0.01,0.0,0.0,0.0,0.0,0.0,0.92,0.97,1.0,1.0,1.0,1.0,1.0,1.0,1.0,1.0,1.0,1.0,1.0,1.0,1.0,1.0,1.0,1.0,0.04,0.11,0.06,1.0,1.0,1.0,1.0,0.98],[0.0,0.0,0.0,0.0,0.03,0.56,0.86,0.92,0.05,0.26,0.0,0.0,0.0,0.0,0.0,0.0,0.0,0.0,0.0,0.0,0.0,0.0,0.45,0.57,0.06,0.0,0.05,0.33,0.41,0.06,0.01,0.0,0.01,0.0,0.0,0.0,0.0,0.0,0.02,0.26,0.91,1.0,1.0,1.0,1.0,1.0,1.0,1.0,1.0,1.0,1.0,1.0,1.0,1.0,1.0,0.04,0.01,0.02,0.01,0.01,0.88,1.0,0.93,0.14],[0.0,0.0,0.0,0.0,0.06,0.49,0.81,0.88,0.05,0.17,0.01,0.0,0.0,0.0,0.0,0.0,0.0,0.0,0.0,0.0,0.0,0.0,0.37,0.44,0.08,0.01,0.05,0.25,0.26,0.04,0.01,0.0,0.01,0.0,0.0,0.0,0.0,0.0,0.02,0.11,0.55,0.96,1.0,1.0,1.0,1.0,1.0,1.0,1.0,1.0,1.0,1.0,1.0,1.0,0.57,0.11,0.02,0.03,0.03,0.03,0.06,1.0,0.44,0.08],[0.0,0.0,0.0,0.0,0.05,0.5,0.87,0.91,0.04,0.15,0.01,0.0,0.0,0.0,0.0,0.0,0.0,0.0,0.0,0.0,0.0,0.01,0.46,0.52,0.06,0.01,0.04,0.24,0.25,0.04,0.01,0.0,0.02,0.0,0.0,0.0,0.0,0.0,0.03,0.08,0.46,0.98,1.0,1.0,1.0,1.0,1.0,1.0,1.0,1.0,1.0,1.0,1.0,0.99,0.76,0.06,0.01,0.03,0.02,0.02,0.09,0.99,0.37,0.08],[0.0,0.0,0.0,0.0,0.01,0.34,0.91,0.97,0.05,0.56,0.0,0.0,0.0,0.0,0.0,0.0,0.0,0.0,0.0,0.0,0.0,0.0,0.72,0.85,0.07,0.0,0.06,0.84,0.88,0.07,0.01,0.0,0.01,0.0,0.0,0.0,0.0,0.0,0.94,0.99,1.0,1.0,1.0,1.0,1.0,1.0,1.0,1.0,1.0,1.0,1.0,1.0,1.0,1.0,1.0,1.0,1.0,0.52,0.76,1.0,1.0,1.0,1.0,1.0],[0.0,0.0,0.0,0.0,0.0,0.13,0.94,0.98,0.08,0.81,0.0,0.0,0.0,0.0,0.0,0.0,0.0,0.0,0.0,0.0,0.0,0.0,0.72,0.91,0.07,0.0,0.07,0.96,0.96,0.09,0.01,0.0,0.01,0.0,0.0,0.0,0.0,0.0,1.0,1.0,1.0,1.0,1.0,1.0,1.0,1.0,1.0,1.0,1.0,1.0,1.0,1.0,1.0,1.0,1.0,1.0,1.0,1.0,0.99,1.0,1.0,1.0,1.0,1.0],[0.0,0.0,0.0,0.0,0.01,0.09,0.93,0.97,0.05,0.62,0.0,0.0,0.0,0.0,0.0,0.0,0.0,0.0,0.0,0.0,0.0,0.0,0.75,0.92,0.11,0.0,0.08,0.96,0.96,0.06,0.01,0.0,0.01,0.0,0.0,0.0,0.0,0.0,1.0,1.0,1.0,1.0,1.0,1.0,1.0,1.0,1.0,1.0,1.0,1.0,1.0,1.0,1.0,1.0,1.0,1.0,1.0,1.0,1.0,1.0,1.0,1.0,1.0,1.0],[0.0,0.0,0.0,0.0,0.01,0.07,0.89,0.97,0.08,0.6,0.0,0.0,0.0,0.0,0.0,0.0,0.0,0.0,0.0,0.0,0.0,0.0,0.56,0.92,0.14,0.0,0.16,0.96,0.98,0.09,0.02,0.0,0.01,0.0,0.0,0.0,0.0,0.0,1.0,1.0,1.0,1.0,1.0,1.0,1.0,1.0,1.0,1.0,1.0,0.99,1.0,1.0,1.0,1.0,1.0,1.0,1.0,1.0,1.0,1.0,1.0,1.0,1.0,1.0],[0.0,0.0,0.0,0.0,0.01,0.07,0.53,0.86,0.05,0.23,0.0,0.0,0.0,0.0,0.0,0.0,0.0,0.0,0.0,0.0,0.0,0.0,0.48,0.91,0.26,0.0,0.33,0.92,0.94,0.07,0.01,0.0,0.01,0.0,0.0,0.0,0.0,0.0,0.95,1.0,1.0,1.0,1.0,1.0,1.0,1.0,1.0,1.0,0.57,0.76,1.0,1.0,1.0,1.0,1.0,1.0,1.0,1.0,1.0,1.0,1.0,1.0,1.0,0.99],[0.0,0.0,0.0,0.0,0.01,0.06,0.4,0.64,0.07,0.15,0.0,0.0,0.0,0.0,0.0,0.0,0.0,0.0,0.0,0.0,0.0,0.0,0.2,0.87,0.32,0.0,0.48,0.91,0.94,0.1,0.03,0.0,0.02,0.0,0.0,0.0,0.0,0.0,0.94,0.98,1.0,1.0,1.0,1.0,1.0,1.0,1.0,0.04,0.11,0.06,1.0,1.0,1.0,1.0,1.0,1.0,1.0,1.0,1.0,1.0,1.0,1.0,1.0,0.97],[0.0,0.0,0.0,0.0,0.02,0.07,0.29,0.3,0.05,0.07,0.0,0.0,0.0,0.0,0.0,0.0,0.0,0.0,0.0,0.0,0.0,0.0,0.12,0.81,0.38,0.0,0.45,0.88,0.85,0.11,0.03,0.0,0.03,0.0,0.0,0.0,0.0,0.0,0.02,0.16,0.94,1.0,1.0,1.0,0.89,0.01,0.04,0.01,0.02,0.01,1.0,1.0,1.0,1.0,1.0,1.0,1.0,1.0,1.0,1.0,1.0,1.0,0.93,0.32],[0.0,0.0,0.0,0.0,0.02,0.07,0.27,0.24,0.06,0.05,0.0,0.0,0.0,0.0,0.0,0.0,0.0,0.0,0.0,0.0,0.0,0.0,0.13,0.79,0.42,0.01,0.44,0.86,0.76,0.11,0.04,0.0,0.03,0.0,0.0,0.0,0.0,0.0,0.03,0.09,0.51,0.98,1.0,1.0,0.07,0.03,0.11,0.02,0.03,0.03,0.52,1.0,1.0,1.0,1.0,1.0,1.0,1.0,1.0,1.0,1.0,1.0,0.63,0.13],[0.0,0.0,0.0,0.0,0.03,0.07,0.27,0.25,0.06,0.06,0.0,0.0,0.0,0.0,0.0,0.0,0.0,0.0,0.0,0.0,0.0,0.0,0.16,0.83,0.44,0.01,0.45,0.84,0.72,0.1,0.04,0.0,0.03,0.0,0.0,0.0,0.0,0.0,0.03,0.09,0.43,0.99,1.0,0.99,0.1,0.02,0.06,0.01,0.03,0.02,0.76,0.99,1.0,1.0,1.0,1.0,1.0,1.0,1.0,1.0,1.0,1.0,0.55,0.09],[0.0,0.0,0.0,0.0,0.01,0.04,0.34,0.71,0.11,0.22,0.0,0.0,0.0,0.0,0.0,0.0,0.0,0.0,0.0,0.0,0.0,0.0,0.09,0.8,0.24,0.0,0.44,0.92,0.94,0.16,0.04,0.0,0.02,0.0,0.0,0.0,0.0,0.0,1.0,1.0,1.0,1.0,1.0,1.0,1.0,1.0,1.0,0.01,0.03,0.02,1.0,1.0,1.0,1.0,1.0,1.0,1.0,1.0,1.0,1.0,1.0,1.0,1.0,1.0],[0.0,0.0,0.0,0.0,0.0,0.03,0.59,0.93,0.17,0.54,0.0,0.0,0.0,0.0,0.0,0.0,0.0,0.0,0.0,0.0,0.0,0.0,0.09,0.79,0.14,0.0,0.27,0.95,0.98,0.24,0.04,0.0,0.02,0.0,0.0,0.0,0.0,0.0,1.0,1.0,1.0,1.0,1.0,1.0,1.0,1.0,1.0,0.88,0.06,0.09,1.0,1.0,1.0,1.0,1.0,1.0,1.0,1.0,1.0,1.0,1.0,1.0,1.0,1.0],[0.0,0.0,0.0,0.0,0.0,0.04,0.92,0.98,0.16,0.8,0.0,0.0,0.0,0.0,0.0,0.0,0.0,0.0,0.0,0.0,0.0,0.0,0.24,0.88,0.1,0.0,0.14,0.96,0.98,0.22,0.03,0.0,0.01,0.0,0.0,0.0,0.0,0.0,1.0,1.0,1.0,1.0,1.0,1.0,1.0,1.0,1.0,1.0,1.0,0.99,1.0,1.0,1.0,1.0,1.0,1.0,1.0,1.0,1.0,1.0,1.0,1.0,1.0,1.0],[0.0,0.0,0.0,0.0,0.0,0.03,0.72,0.95,0.61,0.74,0.01,0.0,0.0,0.0,0.0,0.0,0.0,0.0,0.0,0.0,0.0,0.0,0.07,0.26,0.05,0.0,0.1,0.92,0.96,0.79,0.24,0.0,0.05,0.0,0.0,0.0,0.0,0.0,1.0,1.0,1.0,1.0,1.0,1.0,1.0,1.0,1.0,0.93,0.44,0.37,1.0,1.0,1.0,1.0,1.0,1.0,0.93,0.63,0.55,1.0,1.0,1.0,1.0,1.0],[0.0,0.0,0.0,0.0,0.01,0.02,0.52,0.86,0.71,0.55,0.02,0.0,0.0,0.0,0.0,0.0,0.0,0.0,0.0,0.0,0.0,0.0,0.07,0.15,0.05,0.0,0.11,0.83,0.91,0.82,0.39,0.0,0.07,0.0,0.0,0.0,0.0,0.0,1.0,1.0,1.0,1.0,1.0,1.0,1.0,1.0,0.98,0.14,0.08,0.08,1.0,1.0,1.0,1.0,0.99,0.97,0.32,0.13,0.09,1.0,1.0,1.0,1.0,1.0]],
