{
  "atom_chain_ids": ["A","A","A","A","A","A","A","A","A","A","A","A","A","A","A","A","A","A","A","A","A","A","A","A","A","A","A","A","A","A","A","A","A","A","A","A","A","A","A","A","A","A","A","A","A","A","A","A","A","A","A","A","A","A","A","A","A","A","A","A","A","A","A","A","A","A","A","A","A","A","A","A","A","A","A","A","A","A","A","A","A","A","A","A","A","A","A","A","A","A","A","A","A","A","A","A","A","A","A","A","A","A","A","A","A","A","A","A","A","A","A","A","A","A","A","A","A","A","A","A","A","A","A","A","A","A","A","A","A","A","A","A","A","A","A","A","A","A","A","A","A","A","A","A","A","A","A","A","A","A","A","A","A","A","A","A","A","A","A","A","A","A","A","A","A","A","A","A","A","A","A","A","A","A","A","A","A","A","A","A","A","A","A","A","A","A","A","A","A","A","A","A","A","A","A","A","A","A","A","A","A","A","A","A","A","A","A","A","A","A","A","A","A","A","A","A","A","A","A","A","A","A","A","A","A","A","A","A","A","A","A","A","A","A","A","A","A","A","A","A","A","A","A","A","A","A","A","A","A","A","A","A","A","A","A","A","A","A","A","A","A","A","A","A","A","A","A","A","A","A","A","A","A","A","A","A","A","A","A","A","A","A","A","A","A","A","A","A","A","A","A","A","A","A","A","A","A","A","A","A","A","A","A","A","A","A","A","A","A","A","A","A","A","A","A","A","A","A","A","A","A","A","A","A","A","A","A","A","A","A","A","A","A","A","A","A","A","A","A","A","A","A","A","A","A","A","A","A","A","A","A","A","A","A","A","A","A","A","A","A","A","A","A","A","A","A","A","A","A","A","A","A","A","A","A","A","A","A","A","A","A","A","A","A","A","A","A","A","A","A","A","A","A","A","A","A","A","A","A","A","A","A","A","A","A","A","A","A","A","A","A","A","A","A","A","A","A","A","A","A","A","A","A","A","A","A","A","A","A","A","A","A","A","A","A","A","A","A","A","A","A","A","A","A","A","A","A","A","A","A","A","A","A","A","A","A","A","A","A","A","A","A","A","A","A","A","A","A","A","A","A","A","A","A","A","A","A","A","A","A","A","A","A","A","A","A","A","A","A","A","A","A","A","A","A","A","A","A","A","A","A","A","A","A","A","A","A","A","A","A","A","A","A","A","A","A","A","A","A","A","A","A","A","A","A","A","A","A","A","A","A","A","A","A","A","A","A","A","A","A","A","A","A","A","A","A","A","A","A","A","A","A","A","A","A","A","A","A","A","A","A","A","A","A","A","A","A","A","A","A","A","A","A","A","A","A","A","A","A","A","A","A","A","A","A","A","A","A","A","A","A","A","A","A","A","A","A","A","A","A","A","A","A","A","A","A","A","A","A","A","A","A","A","A","A","A","A","A","A","A","A","A","A","A","A","A","A","A","A","A","A","A","A","A","A","A","A","A","A","A","A","A","A","A","A","A","A","A","A","A","A","A","A","A","A","A","A","A","A","A","A","A","A","A","A","A","A","A","A","A","A","A","A","A","A","A","A","A","A","A","A","A","A","A","A","A","A","A","A","A","A","A","A","A","A","A","A","A","A","A","A","A","A","A","A","A","A","A","A","A","A","A","A","A","A","A","A","A","A","A","A","A","A","A","A","A","A","A","A","A","A","A","A","A","A","A","A","A","A","A","A","A","A","A","A","A","A","A","A","A","A","A","A","A","A","A","A","A","A","A","A","A","A","A","A","A","A","A","A","A","A","A","A","A","A","A","A","A","A","A","A","A","A","A","A","A","A","A","A","A","A","A","A","A","A","A","A","A","A","A","A","A","A","A","A","A","A","A","A","A","A","A","A","A","A","A","A","A","A","A","B","B","B","B","B","B","B","B","B","B","B","B","B","B","B","B","B","B","B","B","B","B","B","B","B","B"],
  "atom_plddts": [57.78,60.28,55.23,58.57,61.2,62.65,66.27,66.71,67.28,66.19,65.83,64.47,66.3,66.48,66.12,66.0,66.26,65.63,64.68,65.2,65.41,65.06,66.62,68.33,65.44,62.12,64.04,65.98,66.56,67.97,68.85,69.0,67.91,68.71,67.56,68.77,69.86,70.66,70.63,71.15,70.74,70.14,70.71,70.29,69.82,70.4,70.51,70.3,68.3,70.08,69.95,70.35,71.85,72.67,72.38,71.36,72.87,71.58,72.76,74.07,74.26,74.22,75.15,74.82,74.31,74.31,73.82,74.21,74.8,75.59,73.07,74.87,75.77,76.29,77.93,78.94,78.83,78.31,79.13,77.62,78.91,79.93,79.16,78.48,79.41,79.53,78.9,79.31,79.51,79.0,77.51,78.95,78.94,78.79,80.84,81.09,81.06,80.47,81.11,79.93,81.16,81.97,81.3,80.6,81.48,81.52,80.95,81.23,81.29,80.33,79.06,80.35,80.3,79.89,81.81,82.03,81.9,81.42,81.88,80.69,81.95,82.58,82.12,81.45,82.25,82.25,81.75,82.0,82.05,81.24,79.89,80.52,80.99,80.76,82.27,82.27,82.22,81.51,82.02,80.71,82.52,83.13,82.39,81.58,82.56,82.68,82.02,82.31,82.37,78.55,75.41,76.05,78.61,80.3,82.22,82.57,82.95,82.18,82.12,80.96,83.02,83.6,82.22,82.06,82.91,82.53,81.66,82.27,82.27,82.32,83.22,83.48,78.92,77.54,78.1,77.32,76.06,77.37,77.3,78.44,76.83,76.45,72.94,76.38,76.15,73.58,72.03,74.01,72.97,71.51,71.36,71.6,70.98,74.5,80.47,76.83,77.86,81.32,82.04,84.02,84.48,84.48,84.09,84.75,83.87,85.04,85.68,85.23,84.84,85.7,85.77,85.17,85.55,85.7,85.83,84.48,85.2,85.82,86.02,86.73,86.95,86.85,86.41,86.84,85.79,87.04,87.56,87.21,86.62,87.29,87.29,86.73,87.09,87.3,87.08,86.3,86.91,86.56,86.13,87.47,87.69,87.89,87.26,87.57,86.33,87.6,87.96,87.65,87.42,87.86,87.52,87.05,87.49,87.29,86.69,87.58,87.85,87.6,87.06,87.65,86.79,85.96,87.37,87.57,87.72,87.01,87.42,86.08,87.59,88.03,87.85,87.59,88.04,87.72,87.23,87.77,87.58,86.72,87.69,87.92,86.92,86.62,87.1,86.2,85.07,86.6,86.54,86.55,85.99,86.46,84.94,86.79,87.41,86.86,85.95,86.64,86.57,85.81,86.47,86.71,86.51,85.28,85.23,85.43,84.62,86.12,86.22,86.53,85.92,86.09,84.36,86.42,86.88,86.28,85.77,86.4,85.84,84.75,85.87,85.8,84.73,86.43,86.87,87.18,85.92,85.79,85.49,83.27,85.82,85.8,87.5,86.49,86.22,83.83,85.58,85.32,82.8,81.72,82.39,80.78,79.29,80.01,80.35,80.67,83.51,83.11,80.85,80.87,81.9,80.95,82.66,82.68,83.59,82.45,82.45,80.13,82.35,82.7,81.06,80.22,81.18,80.6,79.3,80.22,80.17,78.31,80.96,82.33,82.34,80.72,81.24,81.1,79.74,81.24,81.25,82.35,80.85,81.27,79.18,81.54,82.11,80.44,79.69,81.23,80.56,79.36,79.29,78.99,78.97,81.3,80.57,77.24,78.12,80.49,81.2,83.15,83.73,83.86,83.21,83.94,82.61,84.26,85.12,84.98,84.93,85.87,85.73,85.08,85.48,85.14,85.11,85.72,85.73,83.6,81.28,82.35,83.89,83.71,85.85,86.24,85.97,85.71,86.32,85.32,86.56,87.16,86.91,86.44,87.25,87.27,86.69,87.09,87.24,86.72,85.76,86.41,86.31,85.63,86.99,87.21,86.95,86.51,86.95,85.9,87.24,87.73,87.59,86.96,87.69,87.75,87.3,87.63,87.65,86.35,85.35,86.1,85.64,85.33,86.41,86.7,86.81,86.2,86.81,85.72,86.99,87.48,87.3,87.05,87.62,87.44,86.97,87.25,87.02,87.05,87.51,85.59,83.95,84.36,84.76,84.92,86.3,86.41,86.53,85.77,86.21,85.11,86.89,87.34,87.21,86.96,87.69,87.65,87.1,87.53,87.24,86.86,87.56,87.71,83.56,81.63,81.74,81.87,81.88,83.78,83.81,84.57,83.3,82.61,79.48,83.27,83.25,80.85,79.11,80.9,80.44,78.61,79.62,79.85,77.59,81.33,82.71,80.15,76.92,77.2,79.05,78.11,80.23,80.29,81.54,79.98,79.51,76.0,79.73,79.43,75.79,72.38,75.02,74.68,72.19,73.64,75.29,80.79,77.82,77.75,79.94,80.29,82.51,83.06,83.55,82.75,83.27,81.58,83.29,83.65,81.98,81.42,82.65,82.03,80.82,81.22,81.21,81.7,83.33,81.27,78.72,79.11,80.34,80.76,82.48,83.1,83.39,82.57,83.2,81.42,83.43,84.0,82.8,82.17,83.27,82.93,81.73,82.3,82.2,82.25,83.72,81.6,78.25,78.93,81.8,82.14,84.2,84.66,84.67,84.11,84.56,83.3,85.06,85.54,84.81,84.08,84.98,84.97,84.13,84.75,85.01,81.3,78.82,79.04,80.3,81.17,83.17,83.53,83.76,82.87,82.97,81.53,83.79,84.34,83.7,83.39,84.16,83.86,83.02,83.62,83.47,83.11,84.23,84.53,78.03,76.87,78.03,75.84,75.24,77.1,77.35,78.24,76.71,76.66,73.11,76.71,77.14,74.91,73.44,75.1,74.43,72.84,73.11,73.12,72.46,75.43,72.91,70.24,71.17,71.92,72.4,73.6,74.23,74.94,73.21,73.97,71.06,73.89,74.71,72.64,71.68,73.51,73.04,71.53,71.72,71.65,71.6,74.14,70.15,66.91,68.54,70.67,69.69,70.78,70.59,72.94,71.48,68.55,65.62,68.6,67.4,63.46,60.25,60.96,59.85,57.71,60.31,63.29,69.51,65.66,66.75,70.24,72.2,74.19,75.76,75.75,75.14,75.8,74.5,75.86,76.98,76.23,76.23,76.86,76.44,75.68,76.25,76.08,76.11,76.83,76.87,71.73,69.79,70.71,71.68,72.13,73.29,74.28,74.06,73.21,74.43,73.06,74.35,75.34,75.29,75.21,75.68,75.28,74.79,75.22,74.93,74.65,75.24,75.41,73.2,72.59,73.29,72.21,72.04,72.81,73.36,73.35,72.19,73.89,72.16,73.31,74.33,74.31,74.1,74.58,73.99,73.49,73.81,73.54,73.78,74.56,73.24,71.86,72.45,72.48,72.23,73.42,74.68,74.56,74.14,74.69,72.72,74.37,75.36,74.76,73.82,74.48,74.36,73.69,74.4,74.73,74.04,73.19,73.4,73.25,71.81,72.99,73.32,73.02,72.61,72.43,70.92,72.5,73.27,73.51,72.19,72.84,72.67,71.82,72.85,73.28,73.93,74.02,73.75,72.77,71.4,72.66,72.29,72.34,71.65,70.68,69.41,70.85,71.25,71.02,69.38,69.88,69.49,68.58,69.93,70.84,80.91,78.83,80.33,86.82,88.38,88.45,86.92,84.98,84.92,81.7,73.28,75.74,87.09,88.48,88.89,88.22,86.34,85.28,81.85,72.38,73.43,85.87,87.34,88.53,79.93,78.44],
  "contact_probs": [[1.0,0.99,0.13,0.0,0.0,0.0,0.0,0.0,0.0,0.0,0.0,0.0,0.0,0.0,0.0,0.0,0.0,0.0,0.0,0.0,0.0,0.0,0.0,0.0,0.0,0.0,0.0,0.0,0.0,0.0,0.0,0.0,0.0,0.0,0.0,0.0,0.06,0.98,0.0,0.0,0.0,0.0,0.0,0.0,0.0,0.0,0.0,0.0,0.0,0.0,0.0,0.0,0.0,0.0,0.0,0.0,0.0,0.0,0.0,0.0,0.0,0.0,0.0,0.0],[0.99,1.0,1.0,0.05,0.0,0.0,0.0,0.0,0.0,0.0,0.0,0.0,0.0,0.0,0.0,0.0,0.0,0.0,0.0,0.0,0.0,0.0,0.0,0.0,0.0,0.0,0.0,0.0,0.0,0.0,0.0,0.0,0.0,0.0,0.0,0.03,0.99,0.96,0.0,0.0,0.0,0.0,0.0,0.0,0.0,0.0,0.0,0.0,0.0,0.0,0.0,0.0,0.0,0.0,0.0,0.0,0.0,0.0,0.0,0.0,0.0,0.0,0.0,0.0],[0.13,1.0,1.0,1.0,0.03,0.0,0.0,0.0,0.0,0.0,0.0,0.0,0.0,0.0,0.0,0.0,0.0,0.0,0.0,0.0,0.0,0.0,0.0,0.0,0.0,0.0,0.0,0.0,0.0,0.0,0.0,0.0,0.0,0.0,0.02,0.99,0.99,0.74,0.0,0.0,0.0,0.0,0.0,0.0,0.0,0.0,0.0,0.0,0.0,0.0,0.0,0.0,0.0,0.0,0.0,0.0,0.0,0.0,0.0,0.0,0.0,0.0,0.0,0.0],[0.0,0.05,1.0,1.0,1.0,0.02,0.0,0.0,0.0,0.0,0.0,0.0,0.0,0.0,0.0,0.0,0.0,0.0,0.0,0.0,0.0,0.0,0.0,0.0,0.0,0.0,0.0,0.0,0.0,0.0,0.0,0.0,0.0,0.01,0.99,1.0,0.85,0.0,0.0,0.0,0.0,0.0,0.0,0.0,0.0,0.0,0.0,0.0,0.0,0.0,0.0,0.0,0.0,0.0,0.0,0.0,0.0,0.0,0.0,0.0,0.0,0.0,0.0,0.0],[0.0,0.0,0.03,1.0,1.0,1.0,0.42,0.0,0.0,0.0,0.0,0.0,0.0,0.0,0.0,0.0,0.0,0.0,0.0,0.0,0.0,0.0,0.0,0.01,0.0,0.0,0.0,0.0,0.01,0.0,0.0,0.0,0.02,0.99,0.99,0.91,0.0,0.0,0.0,0.01,0.0,0.0,0.0,0.0,0.0,0.01,0.01,0.02,0.05,0.06,0.01,0.0,0.01,0.01,0.01,0.01,0.02,0.02,0.02,0.01,0.0,0.0,0.0,0.01],[0.0,0.0,0.0,0.02,1.0,1.0,0.99,0.0,0.0,0.0,0.0,0.0,0.0,0.0,0.0,0.0,0.0,0.0,0.0,0.0,0.0,0.0,0.0,0.01,0.0,0.0,0.0,0.0,0.08,0.01,0.02,0.0,0.99,0.99,0.88,0.0,0.0,0.0,0.02,0.02,0.02,0.02,0.02,0.06,0.15,0.38,0.48,0.55,0.5,0.49,0.31,0.11,0.07,0.06,0.07,0.06,0.07,0.06,0.07,0.04,0.03,0.04,0.02,0.02],[0.0,0.0,0.0,0.0,0.42,0.99,1.0,0.79,0.05,0.0,0.0,0.0,0.0,0.0,0.0,0.0,0.0,0.0,0.0,0.0,0.0,0.0,0.0,0.02,0.0,0.0,0.0,0.01,0.99,0.51,0.64,0.01,0.97,0.72,0.0,0.0,0.0,0.0,0.5,0.55,0.7,0.87,0.94,0.94,0.91,0.9,0.9,0.86,0.87,0.81,0.91,0.94,0.93,0.89,0.5,0.38,0.27,0.26,0.27,0.33,0.59,0.91,0.73,0.54],[0.0,0.0,0.0,0.0,0.0,0.0,0.79,1.0,0.6,0.99,0.46,0.0,0.0,0.0,0.0,0.0,0.0,0.0,0.0,0.0,0.0,0.01,0.81,0.2,0.01,0.0,0.01,0.99,0.24,0.15,0.01,0.0,0.0,0.0,0.0,0.0,0.0,0.0,0.83,0.88,0.95,0.97,0.98,0.98,0.97,0.96,0.96,0.92,0.92,0.89,0.97,0.98,0.97,0.97,0.86,0.65,0.29,0.24,0.25,0.72,0.94,0.98,0.96,0.87],[0.0,0.0,0.0,0.0,0.0,0.0,0.05,0.6,1.0,0.23,0.0,0.0,0.0,0.0,0.0,0.0,0.0,0.0,0.0,0.0,0.0,0.0,0.01,0.01,0.0,0.0,0.01,0.1,0.12,0.92,0.36,0.0,0.0,0.0,0.0,0.0,0.0,0.0,0.79,0.74,0.64,0.58,0.33,0.23,0.38,0.25,0.07,0.05,0.03,0.05,0.05,0.08,0.05,0.07,0.05,0.07,0.05,0.06,0.06,0.11,0.17,0.17,0.62,0.72],[0.0,0.0,0.0,0.0,0.0,0.0,0.0,0.99,0.23,1.0,1.0,0.05,0.0,0.0,0.0,0.0,0.0,0.0,0.0,0.0,0.0,0.09,0.99,0.1,0.04,0.02,0.48,0.97,0.01,0.02,0.0,0.0,0.0,0.0,0.0,0.0,0.0,0.0,0.48,0.58,0.76,0.89,0.92,0.91,0.89,0.76,0.61,0.25,0.15,0.16,0.55,0.81,0.62,0.59,0.23,0.15,0.06,0.05,0.06,0.22,0.55,0.81,0.74,0.56],[0.0,0.0,0.0,0.0,0.0,0.0,0.0,0.46,0.0,1.0,1.0,1.0,0.23,0.0,0.0,0.0,0.0,0.0,0.0,0.0,0.08,0.99,0.99,0.04,0.07,0.87,0.93,0.79,0.0,0.0,0.0,0.0,0.0,0.0,0.0,0.0,0.0,0.0,0.01,0.02,0.01,0.0,0.0,0.0,0.0,0.0,0.0,0.0,0.01,0.01,0.0,0.0,0.0,0.0,0.0,0.0,0.0,0.0,0.0,0.0,0.0,0.0,0.01,0.02],[0.0,0.0,0.0,0.0,0.0,0.0,0.0,0.0,0.0,0.05,1.0,1.0,1.0,0.13,0.0,0.0,0.0,0.0,0.0,0.06,1.0,1.0,0.71,0.0,0.01,0.76,0.17,0.0,0.0,0.0,0.0,0.0,0.0,0.0,0.0,0.0,0.0,0.0,0.0,0.0,0.0,0.0,0.0,0.0,0.0,0.0,0.0,0.0,0.0,0.0,0.0,0.0,0.0,0.0,0.0,0.0,0.0,0.0,0.0,0.0,0.0,0.0,0.0,0.0],[0.0,0.0,0.0,0.0,0.0,0.0,0.0,0.0,0.0,0.0,0.23,1.0,1.0,1.0,0.36,0.0,0.0,0.0,0.05,0.99,1.0,0.87,0.0,0.0,0.0,0.01,0.0,0.0,0.0,0.0,0.0,0.0,0.0,0.0,0.0,0.0,0.0,0.0,0.0,0.0,0.0,0.0,0.0,0.0,0.0,0.0,0.0,0.0,0.0,0.0,0.0,0.0,0.0,0.0,0.0,0.0,0.0,0.0,0.0,0.0,0.0,0.0,0.0,0.0],[0.0,0.0,0.0,0.0,0.0,0.0,0.0,0.0,0.0,0.0,0.0,0.13,1.0,1.0,1.0,0.0,0.01,0.01,0.99,1.0,0.88,0.0,0.0,0.0,0.0,0.0,0.0,0.0,0.0,0.0,0.0,0.0,0.0,0.0,0.0,0.0,0.0,0.0,0.0,0.0,0.0,0.0,0.0,0.0,0.0,0.0,0.0,0.0,0.0,0.0,0.0,0.0,0.0,0.0,0.0,0.0,0.0,0.0,0.0,0.0,0.0,0.0,0.0,0.0],[0.0,0.0,0.0,0.0,0.0,0.0,0.0,0.0,0.0,0.0,0.0,0.0,0.36,1.0,1.0,0.16,0.96,0.89,0.99,0.8,0.0,0.0,0.0,0.0,0.0,0.0,0.0,0.0,0.0,0.0,0.0,0.0,0.0,0.0,0.0,0.0,0.0,0.0,0.0,0.0,0.0,0.0,0.0,0.0,0.0,0.0,0.0,0.0,0.0,0.0,0.0,0.0,0.0,0.0,0.0,0.0,0.0,0.0,0.0,0.0,0.0,0.0,0.0,0.0],[0.0,0.0,0.0,0.0,0.0,0.0,0.0,0.0,0.0,0.0,0.0,0.0,0.0,0.0,0.16,1.0,0.99,0.52,0.0,0.0,0.0,0.0,0.0,0.0,0.0,0.0,0.0,0.0,0.0,0.0,0.0,0.0,0.0,0.0,0.0,0.0,0.0,0.0,0.0,0.0,0.0,0.0,0.0,0.0,0.0,0.0,0.0,0.0,0.0,0.0,0.0,0.0,0.0,0.0,0.0,0.0,0.0,0.0,0.0,0.0,0.0,0.0,0.0,0.0],[0.0,0.0,0.0,0.0,0.0,0.0,0.0,0.0,0.0,0.0,0.0,0.0,0.0,0.01,0.96,0.99,1.0,0.99,0.73,0.0,0.0,0.0,0.0,0.0,0.0,0.0,0.0,0.0,0.0,0.0,0.0,0.0,0.0,0.0,0.0,0.0,0.0,0.0,0.0,0.0,0.0,0.0,0.0,0.0,0.0,0.0,0.0,0.0,0.0,0.0,0.0,0.0,0.0,0.0,0.0,0.0,0.0,0.0,0.0,0.0,0.0,0.0,0.0,0.0],[0.0,0.0,0.0,0.0,0.0,0.0,0.0,0.0,0.0,0.0,0.0,0.0,0.0,0.01,0.89,0.52,0.99,1.0,0.99,0.13,0.0,0.0,0.0,0.0,0.0,0.0,0.0,0.0,0.0,0.0,0.0,0.0,0.0,0.0,0.0,0.0,0.0,0.0,0.0,0.0,0.0,0.0,0.0,0.0,0.0,0.0,0.0,0.0,0.0,0.0,0.0,0.0,0.0,0.0,0.0,0.0,0.0,0.0,0.0,0.0,0.0,0.0,0.0,0.0],[0.0,0.0,0.0,0.0,0.0,0.0,0.0,0.0,0.0,0.0,0.0,0.0,0.05,0.99,0.99,0.0,0.73,0.99,1.0,1.0,0.07,0.0,0.0,0.0,0.0,0.0,0.0,0.0,0.0,0.0,0.0,0.0,0.0,0.0,0.0,0.0,0.0,0.0,0.0,0.0,0.0,0.0,0.0,0.0,0.0,0.0,0.0,0.0,0.0,0.0,0.0,0.0,0.0,0.0,0.0,0.0,0.0,0.0,0.0,0.0,0.0,0.0,0.0,0.0],[0.0,0.0,0.0,0.0,0.0,0.0,0.0,0.0,0.0,0.0,0.0,0.06,0.99,1.0,0.8,0.0,0.0,0.13,1.0,1.0,1.0,0.22,0.0,0.0,0.0,0.0,0.0,0.0,0.0,0.0,0.0,0.0,0.0,0.0,0.0,0.0,0.0,0.0,0.0,0.0,0.0,0.0,0.0,0.0,0.0,0.0,0.0,0.0,0.0,0.0,0.0,0.0,0.0,0.0,0.0,0.0,0.0,0.0,0.0,0.0,0.0,0.0,0.0,0.0],[0.0,0.0,0.0,0.0,0.0,0.0,0.0,0.0,0.0,0.0,0.08,1.0,1.0,0.88,0.0,0.0,0.0,0.0,0.07,1.0,1.0,1.0,0.22,0.0,0.0,0.0,0.0,0.0,0.0,0.0,0.0,0.0,0.0,0.0,0.0,0.0,0.0,0.0,0.0,0.0,0.0,0.0,0.0,0.0,0.0,0.0,0.0,0.0,0.0,0.0,0.0,0.0,0.0,0.0,0.0,0.0,0.0,0.0,0.0,0.0,0.0,0.0,0.0,0.0],[0.0,0.0,0.0,0.0,0.0,0.0,0.0,0.01,0.0,0.09,0.99,1.0,0.87,0.0,0.0,0.0,0.0,0.0,0.0,0.22,1.0,1.0,1.0,0.03,0.04,0.17,0.03,0.0,0.0,0.0,0.0,0.0,0.0,0.0,0.0,0.0,0.0,0.0,0.0,0.0,0.0,0.0,0.0,0.0,0.0,0.0,0.0,0.0,0.01,0.01,0.0,0.0,0.0,0.0,0.0,0.0,0.0,0.0,0.0,0.0,0.0,0.0,0.0,0.0],[0.0,0.0,0.0,0.0,0.0,0.0,0.0,0.81,0.01,0.99,0.99,0.71,0.0,0.0,0.0,0.0,0.0,0.0,0.0,0.0,0.22,1.0,1.0,0.75,0.2,0.34,0.64,0.78,0.0,0.0,0.0,0.0,0.0,0.0,0.0,0.0,0.0,0.0,0.06,0.07,0.06,0.07,0.17,0.37,0.19,0.26,0.55,0.48,0.48,0.4,0.74,0.74,0.77,0.58,0.5,0.2,0.12,0.13,0.16,0.09,0.09,0.24,0.07,0.07],[0.0,0.0,0.0,0.0,0.01,0.01,0.02,0.2,0.01,0.1,0.04,0.0,0.0,0.0,0.0,0.0,0.0,0.0,0.0,0.0,0.0,0.03,0.75,1.0,0.45,0.03,0.23,0.66,0.2,0.0,0.0,0.0,0.0,0.0,0.0,0.0,0.0,0.0,0.11,0.14,0.22,0.37,0.8,0.83,0.53,0.48,0.69,0.59,0.53,0.46,0.86,0.92,0.93,0.92,0.91,0.87,0.82,0.79,0.82,0.8,0.79,0.88,0.24,0.14],[0.0,0.0,0.0,0.0,0.0,0.0,0.0,0.01,0.0,0.04,0.07,0.01,0.0,0.0,0.0,0.0,0.0,0.0,0.0,0.0,0.0,0.04,0.2,0.45,1.0,0.66,0.74,0.51,0.01,0.0,0.0,0.0,0.0,0.0,0.0,0.0,0.0,0.0,0.04,0.05,0.05,0.04,0.05,0.05,0.04,0.05,0.07,0.06,0.07,0.08,0.08,0.07,0.12,0.15,0.27,0.34,0.4,0.44,0.45,0.25,0.14,0.11,0.05,0.05],[0.0,0.0,0.0,0.0,0.0,0.0,0.0,0.0,0.0,0.02,0.87,0.76,0.01,0.0,0.0,0.0,0.0,0.0,0.0,0.0,0.0,0.17,0.34,0.03,0.66,1.0,0.98,0.08,0.0,0.0,0.0,0.0,0.0,0.0,0.0,0.0,0.0,0.0,0.0,0.0,0.0,0.0,0.0,0.0,0.0,0.0,0.0,0.0,0.01,0.01,0.0,0.0,0.0,0.0,0.0,0.0,0.0,0.01,0.01,0.0,0.0,0.0,0.0,0.0],[0.0,0.0,0.0,0.0,0.0,0.0,0.0,0.01,0.01,0.48,0.93,0.17,0.0,0.0,0.0,0.0,0.0,0.0,0.0,0.0,0.0,0.03,0.64,0.23,0.74,0.98,1.0,0.97,0.0,0.0,0.0,0.0,0.0,0.0,0.0,0.0,0.0,0.0,0.07,0.1,0.1,0.07,0.06,0.06,0.06,0.05,0.07,0.05,0.04,0.05,0.06,0.06,0.09,0.17,0.36,0.49,0.47,0.45,0.46,0.46,0.27,0.14,0.1,0.1],[0.0,0.0,0.0,0.0,0.0,0.0,0.01,0.99,0.1,0.97,0.79,0.0,0.0,0.0,0.0,0.0,0.0,0.0,0.0,0.0,0.0,0.0,0.78,0.66,0.51,0.08,0.97,1.0,0.68,0.02,0.0,0.0,0.0,0.0,0.0,0.0,0.0,0.0,0.79,0.83,0.92,0.95,0.97,0.97,0.93,0.74,0.68,0.33,0.25,0.24,0.85,0.96,0.96,0.96,0.92,0.91,0.88,0.86,0.84,0.92,0.95,0.96,0.92,0.83],[0.0,0.0,0.0,0.0,0.01,0.08,0.99,0.24,0.12,0.01,0.0,0.0,0.0,0.0,0.0,0.0,0.0,0.0,0.0,0.0,0.0,0.0,0.0,0.2,0.01,0.0,0.0,0.68,1.0,0.78,0.59,0.01,0.75,0.01,0.0,0.0,0.0,0.0,0.91,0.91,0.96,0.97,0.98,0.98,0.95,0.89,0.82,0.42,0.24,0.26,0.88,0.97,0.96,0.98,0.94,0.94,0.85,0.77,0.71,0.94,0.97,0.98,0.96,0.92],[0.0,0.0,0.0,0.0,0.0,0.01,0.51,0.15,0.92,0.02,0.0,0.0,0.0,0.0,0.0,0.0,0.0,0.0,0.0,0.0,0.0,0.0,0.0,0.0,0.0,0.0,0.0,0.02,0.78,1.0,0.95,0.01,0.55,0.0,0.0,0.0,0.0,0.0,0.87,0.83,0.82,0.78,0.52,0.34,0.52,0.32,0.08,0.05,0.03,0.04,0.06,0.09,0.06,0.09,0.07,0.1,0.11,0.11,0.1,0.16,0.23,0.22,0.81,0.84],[0.0,0.0,0.0,0.0,0.0,0.02,0.64,0.01,0.36,0.0,0.0,0.0,0.0,0.0,0.0,0.0,0.0,0.0,0.0,0.0,0.0,0.0,0.0,0.0,0.0,0.0,0.0,0.0,0.59,0.95,1.0,0.05,0.97,0.09,0.0,0.0,0.0,0.0,0.51,0.45,0.27,0.12,0.04,0.02,0.05,0.03,0.01,0.01,0.01,0.01,0.01,0.01,0.01,0.02,0.01,0.02,0.03,0.04,0.04,0.04,0.04,0.03,0.23,0.39],[0.0,0.0,0.0,0.0,0.0,0.0,0.01,0.0,0.0,0.0,0.0,0.0,0.0,0.0,0.0,0.0,0.0,0.0,0.0,0.0,0.0,0.0,0.0,0.0,0.0,0.0,0.0,0.0,0.01,0.01,0.05,1.0,0.02,0.01,0.0,0.0,0.0,0.0,0.0,0.0,0.0,0.0,0.0,0.0,0.0,0.0,0.0,0.0,0.0,0.0,0.0,0.0,0.0,0.0,0.0,0.0,0.0,0.0,0.0,0.0,0.0,0.0,0.0,0.0],[0.0,0.0,0.0,0.0,0.02,0.99,0.97,0.0,0.0,0.0,0.0,0.0,0.0,0.0,0.0,0.0,0.0,0.0,0.0,0.0,0.0,0.0,0.0,0.0,0.0,0.0,0.0,0.0,0.75,0.55,0.97,0.02,1.0,1.0,0.04,0.0,0.0,0.0,0.06,0.09,0.06,0.02,0.01,0.01,0.02,0.02,0.01,0.01,0.01,0.01,0.01,0.01,0.01,0.01,0.01,0.02,0.03,0.03,0.03,0.02,0.02,0.01,0.05,0.07],[0.0,0.0,0.0,0.01,0.99,0.99,0.72,0.0,0.0,0.0,0.0,0.0,0.0,0.0,0.0,0.0,0.0,0.0,0.0,0.0,0.0,0.0,0.0,0.0,0.0,0.0,0.0,0.0,0.01,0.0,0.09,0.01,1.0,1.0,1.0,0.02,0.0,0.0,0.0,0.0,0.0,0.0,0.0,0.0,0.0,0.0,0.0,0.0,0.0,0.0,0.0,0.0,0.0,0.0,0.0,0.0,0.0,0.0,0.0,0.0,0.0,0.0,0.0,0.0],[0.0,0.0,0.02,0.99,0.99,0.88,0.0,0.0,0.0,0.0,0.0,0.0,0.0,0.0,0.0,0.0,0.0,0.0,0.0,0.0,0.0,0.0,0.0,0.0,0.0,0.0,0.0,0.0,0.0,0.0,0.0,0.0,0.04,1.0,1.0,1.0,0.03,0.0,0.0,0.0,0.0,0.0,0.0,0.0,0.0,0.0,0.0,0.0,0.0,0.0,0.0,0.0,0.0,0.0,0.0,0.0,0.0,0.0,0.0,0.0,0.0,0.0,0.0,0.0],[0.0,0.03,0.99,1.0,0.91,0.0,0.0,0.0,0.0,0.0,0.0,0.0,0.0,0.0,0.0,0.0,0.0,0.0,0.0,0.0,0.0,0.0,0.0,0.0,0.0,0.0,0.0,0.0,0.0,0.0,0.0,0.0,0.0,0.02,1.0,1.0,0.99,0.03,0.0,0.0,0.0,0.0,0.0,0.0,0.0,0.0,0.0,0.0,0.0,0.0,0.0,0.0,0.0,0.0,0.0,0.0,0.0,0.0,0.0,0.0,0.0,0.0,0.0,0.0],[0.06,0.99,0.99,0.85,0.0,0.0,0.0,0.0,0.0,0.0,0.0,0.0,0.0,0.0,0.0,0.0,0.0,0.0,0.0,0.0,0.0,0.0,0.0,0.0,0.0,0.0,0.0,0.0,0.0,0.0,0.0,0.0,0.0,0.0,0.03,0.99,1.0,0.99,0.0,0.0,0.0,0.0,0.0,0.0,0.0,0.0,0.0,0.0,0.0,0.0,0.0,0.0,0.0,0.0,0.0,0.0,0.0,0.0,0.0,0.0,0.0,0.0,0.0,0.0],[0.98,0.96,0.74,0.0,0.0,0.0,0.0,0.0,0.0,0.0,0.0,0.0,0.0,0.0,0.0,0.0,0.0,0.0,0.0,0.0,0.0,0.0,0.0,0.0,0.0,0.0,0.0,0.0,0.0,0.0,0.0,0.0,0.0,0.0,0.0,0.03,0.99,1.0,0.0,0.0,0.0,0.0,0.0,0.0,0.0,0.0,0.0,0.0,0.0,0.0,0.0,0.0,0.0,0.0,0.0,0.0,0.0,0.0,0.0,0.0,0.0,0.0,0.0,0.0],[0.0,0.0,0.0,0.0,0.0,0.02,0.5,0.83,0.79,0.48,0.01,0.0,0.0,0.0,0.0,0.0,0.0,0.0,0.0,0.0,0.0,0.0,0.06,0.11,0.04,0.0,0.07,0.79,0.91,0.87,0.51,0.0,0.06,0.0,0.0,0.0,0.0,0.0,1.0,1.0,1.0,1.0,1.0,1.0,1.0,1.0,0.92,0.02,0.03,0.02,0.93,1.0,1.0,1.0,0.95,0.94,0.02,0.03,0.03,1.0,1.0,1.0,1.0,1.0],[0.0,0.0,0.0,0.0,0.01,0.02,0.55,0.88,0.74,0.58,0.02,0.0,0.0,0.0,0.0,0.0,0.0,0.0,0.0,0.0,0.0,0.0,0.07,0.14,0.05,0.0,0.1,0.83,0.91,0.83,0.45,0.0,0.09,0.0,0.0,0.0,0.0,0.0,1.0,1.0,1.0,1.0,1.0,1.0,1.0,1.0,0.98,0.28,0.08,0.11,0.99,1.0,1.0,1.0,1.0,0.98,0.16,0.1,0.09,1.0,1.0,1.0,1.0,1.0],[0.0,0.0,0.0,0.0,0.0,0.02,0.7,0.95,0.64,0.76,0.01,0.0,0.0,0.0,0.0,0.0,0.0,0.0,0.0,0.0,0.0,0.0,0.06,0.22,0.05,0.0,0.1,0.92,0.96,0.82,0.27,0.0,0.06,0.0,0.0,0.0,0.0,0.0,1.0,1.0,1.0,1.0,1.0,1.0,1.0,1.0,1.0,0.92,0.46,0.55,1.0,1.0,1.0,1.0,1.0,1.0,0.94,0.49,0.42,1.0,1.0,1.0,1.0,1.0],[0.0,0.0,0.0,0.0,0.0,0.02,0.87,0.97,0.58,0.89,0.0,0.0,0.0,0.0,0.0,0.0,0.0,0.0,0.0,0.0,0.0,0.0,0.07,0.37,0.04,0.0,0.07,0.95,0.97,0.78,0.12,0.0,0.02,0.0,0.0,0.0,0.0,0.0,1.0,1.0,1.0,1.0,1.0,1.0,1.0,1.0,1.0,1.0,0.98,0.96,1.0,1.0,1.0,1.0,1.0,1.0,1.0,0.98,0.99,1.0,1.0,1.0,1.0,1.0],[0.0,0.0,0.0,0.0,0.0,0.02,0.94,0.98,0.33,0.92,0.0,0.0,0.0,0.0,0.0,0.0,0.0,0.0,0.0,0.0,0.0,0.0,0.17,0.8,0.05,0.0,0.06,0.97,0.98,0.52,0.04,0.0,0.01,0.0,0.0,0.0,0.0,0.0,1.0,1.0,1.0,1.0,1.0,1.0,1.0,1.0,1.0,1.0,1.0,1.0,1.0,1.0,1.0,1.0,1.0,1.0,1.0,1.0,1.0,1.0,1.0,1.0,1.0,1.0],[0.0,0.0,0.0,0.0,0.0,0.06,0.94,0.98,0.23,0.91,0.0,0.0,0.0,0.0,0.0,0.0,0.0,0.0,0.0,0.0,0.0,0.0,0.37,0.83,0.05,0.0,0.06,0.97,0.98,0.34,0.02,0.0,0.01,0.0,0.0,0.0,0.0,0.0,1.0,1.0,1.0,1.0,1.0,1.0,1.0,1.0,1.0,1.0,1.0,1.0,1.0,1.0,1.0,1.0,1.0,1.0,1.0,1.0,0.99,1.0,1.0,1.0,1.0,1.0],[0.0,0.0,0.0,0.0,0.0,0.15,0.91,0.97,0.38,0.89,0.0,0.0,0.0,0.0,0.0,0.0,0.0,0.0,0.0,0.0,0.0,0.0,0.19,0.53,0.04,0.0,0.06,0.93,0.95,0.52,0.05,0.0,0.02,0.0,0.0,0.0,0.0,0.0,1.0,1.0,1.0,1.0,1.0,1.0,1.0,1.0,1.0,1.0,1.0,1.0,1.0,1.0,1.0,1.0,1.0,1.0,0.89,0.06,0.09,1.0,1.0,1.0,1.0,1.0],[0.0,0.0,0.0,0.0,0.01,0.38,0.9,0.96,0.25,0.76,0.0,0.0,0.0,0.0,0.0,0.0,0.0,0.0,0.0,0.0,0.0,0.0,0.26,0.48,0.05,0.0,0.05,0.74,0.89,0.32,0.03,0.0,0.02,0.0,0.0,0.0,0.0,0.0,1.0,1.0,1.0,1.0,1.0,1.0,1.0,1.0,1.0,1.0,1.0,1.0,1.0,1.0,1.0,1.0,1.0,1.0,0.01,0.03,0.02,1.0,1.0,1.0,1.0,1.0],[0.0,0.0,0.0,0.0,0.01,0.48,0.9,0.96,0.07,0.61,0.0,0.0,0.0,0.0,0.0,0.0,0.0,0.0,0.0,0.0,0.0,0.0,0.55,0.69,0.07,0.0,0.07,0.68,0.82,0.08,0.01,0.0,0.01,0.0,0.0,0.0,0.0,0.0,0.92,0.98,1.0,1.0,1.0,1.0,1.0,1.0,1.0,1.0,1.0,1.0,1.0,1.0,1.0,1.0,1.0,1.0,0.03,0.12,0.06,1.0,1.0,1.0,1.0,0.98],[0.0,0.0,0.0,0.0,0.02,0.55,0.86,0.92,0.05,0.25,0.0,0.0,0.0,0.0,0.0,0.0,0.0,0.0,0.0,0.0,0.0,0.0,0.48,0.59,0.06,0.0,0.05,0.33,0.42,0.05,0.01,0.0,0.01,0.0,0.0,0.0,0.0,0.0,0.02,0.28,0.92,1.0,1.0,1.0,1.0,1.0,1.0,1.0,1.0,1.0,1.0,1.0,1.0,1.0,1.0,0.04,0.01,0.02,0.01,0.01,0.88,1.0,0.93,0.14],[0.0,0.0,0.0,0.0,0.05,0.5,0.87,0.92,0.03,0.15,0.01,0.0,0.0,0.0,0.0,0.0,0.0,0.0,0.0,0.0,0.0,0.01,0.48,0.53,0.07,0.01,0.04,0.25,0.24,0.03,0.01,0.0,0.01,0.0,0.0,0.0,0.0,0.0,0.03,0.08,0.46,0.98,1.0,1.0,1.0,1.0,1.0,1.0,1.0,1.0,1.0,1.0,1.0,0.98,0.75,0.06,0.01,0.03,0.02,0.01,0.09,0.99,0.38,0.07],[0.0,0.0,0.0,0.0,0.06,0.49,0.81,0.89,0.05,0.16,0.01,0.0,0.0,0.0,0.0,0.0,0.0,0.0,0.0,0.0,0.0,0.01,0.4,0.46,0.08,0.01,0.05,0.24,0.26,0.04,0.01,0.0,0.01,0.0,0.0,0.0,0.0,0.0,0.02,0.11,0.55,0.96,1.0,1.0,1.0,1.0,1.0,1.0,1.0,1.0,1.0,1.0,1.0,1.0,0.57,0.11,0.02,0.02,0.04,0.03,0.07,1.0,0.42,0.08],[0.0,0.0,0.0,0.0,0.01,0.31,0.91,0.97,0.05,0.55,0.0,0.0,0.0,0.0,0.0,0.0,0.0,0.0,0.0,0.0,0.0,0.0,0.74,0.86,0.08,0.0,0.06,0.85,0.88,0.06,0.01,0.0,0.01,0.0,0.0,0.0,0.0,0.0,0.93,0.99,1.0,1.0,1.0,1.0,1.0,1.0,1.0,1.0,1.0,1.0,1.0,1.0,1.0,1.0,1.0,1.0,1.0,0.53,0.76,1.0,1.0,1.0,1.0,1.0],[0.0,0.0,0.0,0.0,0.0,0.11,0.94,0.98,0.08,0.81,0.0,0.0,0.0,0.0,0.0,0.0,0.0,0.0,0.0,0.0,0.0,0.0,0.74,0.92,0.07,0.0,0.06,0.96,0.97,0.09,0.01,0.0,0.01,0.0,0.0,0.0,0.0,0.0,1.0,1.0,1.0,1.0,1.0,1.0,1.0,1.0,1.0,1.0,1.0,1.0,1.0,1.0,1.0,1.0,1.0,1.0,1.0,1.0,0.99,1.0,1.0,1.0,1.0,1.0],[0.0,0.0,0.0,0.0,0.01,0.07,0.93,0.97,0.05,0.62,0.0,0.0,0.0,0.0,0.0,0.0,0.0,0.0,0.0,0.0,0.0,0.0,0.77,0.93,0.12,0.0,0.09,0.96,0.96,0.06,0.01,0.0,0.01,0.0,0.0,0.0,0.0,0.0,1.0,1.0,1.0,1.0,1.0,1.0,1.0,1.0,1.0,1.0,1.0,1.0,1.0,1.0,1.0,1.0,1.0,1.0,1.0,1.0,1.0,1.0,1.0,1.0,1.0,1.0],[0.0,0.0,0.0,0.0,0.01,0.06,0.89,0.97,0.07,0.59,0.0,0.0,0.0,0.0,0.0,0.0,0.0,0.0,0.0,0.0,0.0,0.0,0.58,0.92,0.15,0.0,0.17,0.96,0.98,0.09,0.02,0.0,0.01,0.0,0.0,0.0,0.0,0.0,1.0,1.0,1.0,1.0,1.0,1.0,1.0,1.0,1.0,1.0,0.98,1.0,1.0,1.0,1.0,1.0,1.0,1.0,1.0,1.0,1.0,1.0,1.0,1.0,1.0,1.0],[0.0,0.0,0.0,0.0,0.01,0.07,0.5,0.86,0.05,0.23,0.0,0.0,0.0,0.0,0.0,0.0,0.0,0.0,0.0,0.0,0.0,0.0,0.5,0.91,0.27,0.0,0.36,0.92,0.94,0.07,0.01,0.0,0.01,0.0,0.0,0.0,0.0,0.0,0.95,1.0,1.0,1.0,1.0,1.0,1.0,1.0,1.0,1.0,0.75,0.57,1.0,1.0,1.0,1.0,1.0,1.0,1.0,1.0,1.0,1.0,1.0,1.0,1.0,0.99],[0.0,0.0,0.0,0.0,0.01,0.06,0.38,0.65,0.07,0.15,0.0,0.0,0.0,0.0,0.0,0.0,0.0,0.0,0.0,0.0,0.0,0.0,0.2,0.87,0.34,0.0,0.49,0.91,0.94,0.1,0.02,0.0,0.02,0.0,0.0,0.0,0.0,0.0,0.94,0.98,1.0,1.0,1.0,1.0,1.0,1.0,1.0,0.04,0.06,0.11,1.0,1.0,1.0,1.0,1.0,1.0,1.0,1.0,1.0,1.0,1.0,1.0,1.0,0.97],[0.0,0.0,0.0,0.0,0.02,0.07,0.27,0.29,0.05,0.06,0.0,0.0,0.0,0.0,0.0,0.0,0.0,0.0,0.0,0.0,0.0,0.0,0.12,0.82,0.4,0.0,0.47,0.88,0.85,0.11,0.03,0.0,0.03,0.0,0.0,0.0,0.0,0.0,0.02,0.16,0.94,1.0,1.0,1.0,0.89,0.01,0.03,0.01,0.01,0.02,1.0,1.0,1.0,1.0,1.0,1.0,1.0,1.0,1.0,1.0,1.0,1.0,0.93,0.34],[0.0,0.0,0.0,0.0,0.02,0.06,0.26,0.24,0.06,0.05,0.0,0.0,0.0,0.0,0.0,0.0,0.0,0.0,0.0,0.0,0.0,0.0,0.13,0.79,0.44,0.01,0.45,0.86,0.77,0.11,0.04,0.0,0.03,0.0,0.0,0.0,0.0,0.0,0.03,0.1,0.49,0.98,1.0,1.0,0.06,0.03,0.12,0.02,0.03,0.02,0.53,1.0,1.0,1.0,1.0,1.0,1.0,1.0,1.0,1.0,1.0,1.0,0.64,0.14],[0.0,0.0,0.0,0.0,0.02,0.07,0.27,0.25,0.06,0.06,0.0,0.0,0.0,0.0,0.0,0.0,0.0,0.0,0.0,0.0,0.0,0.0,0.16,0.82,0.45,0.01,0.46,0.84,0.71,0.1,0.04,0.0,0.03,0.0,0.0,0.0,0.0,0.0,0.03,0.09,0.42,0.99,1.0,0.99,0.09,0.02,0.06,0.01,0.02,0.04,0.76,0.99,1.0,1.0,1.0,1.0,1.0,1.0,1.0,1.0,1.0,1.0,0.55,0.1],[0.0,0.0,0.0,0.0,0.01,0.04,0.33,0.72,0.11,0.22,0.0,0.0,0.0,0.0,0.0,0.0,0.0,0.0,0.0,0.0,0.0,0.0,0.09,0.8,0.25,0.0,0.46,0.92,0.94,0.16,0.04,0.0,0.02,0.0,0.0,0.0,0.0,0.0,1.0,1.0,1.0,1.0,1.0,1.0,1.0,1.0,1.0,0.01,0.01,0.03,1.0,1.0,1.0,1.0,1.0,1.0,1.0,1.0,1.0,1.0,1.0,1.0,1.0,1.0],[0.0,0.0,0.0,0.0,0.0,0.03,0.59,0.94,0.17,0.55,0.0,0.0,0.0,0.0,0.0,0.0,0.0,0.0,0.0,0.0,0.0,0.0,0.09,0.79,0.14,0.0,0.27,0.95,0.97,0.23,0.04,0.0,0.02,0.0,0.0,0.0,0.0,0.0,1.0,1.0,1.0,1.0,1.0,1.0,1.0,1.0,1.0,0.88,0.09,0.07,1.0,1.0,1.0,1.0,1.0,1.0,1.0,1.0,1.0,1.0,1.0,1.0,1.0,1.0],[0.0,0.0,0.0,0.0,0.0,0.04,0.91,0.98,0.17,0.81,0.0,0.0,0.0,0.0,0.0,0.0,0.0,0.0,0.0,0.0,0.0,0.0,0.24,0.88,0.11,0.0,0.14,0.96,0.98,0.22,0.03,0.0,0.01,0.0,0.0,0.0,0.0,0.0,1.0,1.0,1.0,1.0,1.0,1.0,1.0,1.0,1.0,1.0,0.99,1.0,1.0,1.0,1.0,1.0,1.0,1.0,1.0,1.0,1.0,1.0,1.0,1.0,1.0,1.0],[0.0,0.0,0.0,0.0,0.0,0.02,0.73,0.96,0.62,0.74,0.01,0.0,0.0,0.0,0.0,0.0,0.0,0.0,0.0,0.0,0.0,0.0,0.07,0.24,0.05,0.0,0.1,0.92,0.96,0.81,0.23,0.0,0.05,0.0,0.0,0.0,0.0,0.0,1.0,1.0,1.0,1.0,1.0,1.0,1.0,1.0,1.0,0.93,0.38,0.42,1.0,1.0,1.0,1.0,1.0,1.0,0.93,0.64,0.55,1.0,1.0,1.0,1.0,1.0],[0.0,0.0,0.0,0.0,0.01,0.02,0.54,0.87,0.72,0.56,0.02,0.0,0.0,0.0,0.0,0.0,0.0,0.0,0.0,0.0,0.0,0.0,0.07,0.14,0.05,0.0,0.1,0.83,0.92,0.84,0.39,0.0,0.07,0.0,0.0,0.0,0.0,0.0,1.0,1.0,1.0,1.0,1.0,1.0,1.0,1.0,0.98,0.14,0.07,0.08,1.0,1.0,1.0,1.0,0.99,0.97,0.34,0.14,0.1,1.0,1.0,1.0,1.0,1.0]],
